BINARY_DEPOSIT_V1
DATE=2026-08-09
PAGE=1
WIDTH=24
HEIGHT=16
MARKS=R G B A BIT
X=00 Y=00 00000000 00000000 00000000 11111111 1
X=01 Y=00 00000000 00000000 00000000 11111111 1
X=02 Y=00 00000000 00000000 00000000 11111111 1
X=03 Y=00 00000000 00000000 00000000 11111111 1
X=04 Y=00 00000000 00000000 00000000 11111111 1
X=05 Y=00 00000000 00000000 00000000 11111111 1
X=06 Y=00 00000000 00000000 00000000 11111111 1
X=07 Y=00 00000000 00000000 00000000 11111111 1
X=08 Y=00 00000000 00000000 00000000 11111111 1
X=09 Y=00 00000000 00000000 00000000 11111111 1
X=10 Y=00 00000000 00000000 00000000 11111111 1
X=11 Y=00 00000000 00000000 00000000 11111111 1
X=12 Y=00 00000000 00000000 00000000 11111111 1
X=13 Y=00 00000000 00000000 00000000 11111111 1
X=14 Y=00 00000000 00000000 00000000 11111111 1
X=15 Y=00 00000000 00000000 00000000 11111111 1
X=16 Y=00 00000000 00000000 00000000 11111111 1
X=17 Y=00 00000000 00000000 00000000 11111111 1
X=18 Y=00 00000000 00000000 00000000 11111111 1
X=19 Y=00 00000000 00000000 00000000 11111111 1
X=20 Y=00 00000000 00000000 00000000 11111111 1
X=21 Y=00 00000000 00000000 00000000 11111111 1
X=22 Y=00 00000000 00000000 00000000 11111111 1
X=23 Y=00 00000000 00000000 00000000 11111111 1
X=00 Y=01 00000000 00000000 00000000 11111111 1
X=01 Y=01 11111111 11111111 11111111 11111111 0
X=02 Y=01 11111111 11111111 11111111 11111111 0
X=03 Y=01 11111111 11111111 11111111 11111111 0
X=04 Y=01 11111111 11111111 11111111 11111111 0
X=05 Y=01 11111111 11111111 11111111 11111111 0
X=06 Y=01 11111111 11111111 11111111 11111111 0
X=07 Y=01 11111111 11111111 11111111 11111111 0
X=08 Y=01 11111111 11111111 11111111 11111111 0
X=09 Y=01 11111111 11111111 11111111 11111111 0
X=10 Y=01 11111111 11111111 11111111 11111111 0
X=11 Y=01 11111111 11111111 11111111 11111111 0
X=12 Y=01 11111111 11111111 11111111 11111111 0
X=13 Y=01 11111111 11111111 11111111 11111111 0
X=14 Y=01 11111111 11111111 11111111 11111111 0
X=15 Y=01 11111111 11111111 11111111 11111111 0
X=16 Y=01 11111111 11111111 11111111 11111111 0
X=17 Y=01 11111111 11111111 11111111 11111111 0
X=18 Y=01 11111111 11111111 11111111 11111111 0
X=19 Y=01 11111111 11111111 11111111 11111111 0
X=20 Y=01 11111111 11111111 11111111 11111111 0
X=21 Y=01 11111111 11111111 11111111 11111111 0
X=22 Y=01 11111111 11111111 11111111 11111111 0
X=23 Y=01 00000000 00000000 00000000 11111111 1
X=00 Y=02 00000000 00000000 00000000 11111111 1
X=01 Y=02 11111111 11111111 11111111 11111111 0
X=02 Y=02 11111111 00000000 00000000 11111111 1
X=03 Y=02 11111111 00000000 00000000 11111111 1
X=04 Y=02 11111111 00000000 00000000 11111111 1
X=05 Y=02 11111111 00000000 00000000 11111111 1
X=06 Y=02 11111111 11111111 11111111 11111111 0
X=07 Y=02 11111111 11111111 11111111 11111111 0
X=08 Y=02 00000000 11111111 00000000 11111111 0
X=09 Y=02 00000000 11111111 00000000 11111111 0
X=10 Y=02 00000000 11111111 00000000 11111111 0
X=11 Y=02 00000000 11111111 00000000 11111111 0
X=12 Y=02 11111111 11111111 11111111 11111111 0
X=13 Y=02 11111111 11111111 11111111 11111111 0
X=14 Y=02 00000000 00000000 11111111 11111111 1
X=15 Y=02 00000000 00000000 11111111 11111111 1
X=16 Y=02 00000000 00000000 11111111 11111111 1
X=17 Y=02 00000000 00000000 11111111 11111111 1
X=18 Y=02 11111111 11111111 11111111 11111111 0
X=19 Y=02 11111111 11111111 11111111 11111111 0
X=20 Y=02 11111111 11111111 00000000 11111111 0
X=21 Y=02 11111111 11111111 00000000 11111111 0
X=22 Y=02 11111111 11111111 11111111 11111111 0
X=23 Y=02 00000000 00000000 00000000 11111111 1
X=00 Y=03 00000000 00000000 00000000 11111111 1
X=01 Y=03 11111111 11111111 11111111 11111111 0
X=02 Y=03 11111111 00000000 00000000 11111111 1
X=03 Y=03 11111111 00000000 00000000 11111111 1
X=04 Y=03 11111111 00000000 00000000 11111111 1
X=05 Y=03 11111111 00000000 00000000 11111111 1
X=06 Y=03 11111111 11111111 11111111 11111111 0
X=07 Y=03 11111111 11111111 11111111 11111111 0
X=08 Y=03 00000000 11111111 00000000 11111111 0
X=09 Y=03 00000000 11111111 00000000 11111111 0
X=10 Y=03 00000000 11111111 00000000 11111111 0
X=11 Y=03 00000000 11111111 00000000 11111111 0
X=12 Y=03 11111111 11111111 11111111 11111111 0
X=13 Y=03 11111111 11111111 11111111 11111111 0
X=14 Y=03 00000000 00000000 11111111 11111111 1
X=15 Y=03 00000000 00000000 11111111 11111111 1
X=16 Y=03 00000000 00000000 11111111 11111111 1
X=17 Y=03 00000000 00000000 11111111 11111111 1
X=18 Y=03 11111111 11111111 11111111 11111111 0
X=19 Y=03 11111111 11111111 11111111 11111111 0
X=20 Y=03 11111111 11111111 00000000 11111111 0
X=21 Y=03 11111111 11111111 00000000 11111111 0
X=22 Y=03 11111111 11111111 11111111 11111111 0
X=23 Y=03 00000000 00000000 00000000 11111111 1
X=00 Y=04 00000000 00000000 00000000 11111111 1
X=01 Y=04 11111111 11111111 11111111 11111111 0
X=02 Y=04 11111111 00000000 00000000 11111111 1
X=03 Y=04 11111111 00000000 00000000 11111111 1
X=04 Y=04 11111111 00000000 00000000 11111111 1
X=05 Y=04 11111111 00000000 00000000 11111111 1
X=06 Y=04 11111111 11111111 11111111 11111111 0
X=07 Y=04 11111111 11111111 11111111 11111111 0
X=08 Y=04 00000000 11111111 00000000 11111111 0
X=09 Y=04 00000000 11111111 00000000 11111111 0
X=10 Y=04 00000000 11111111 00000000 11111111 0
X=11 Y=04 00000000 11111111 00000000 11111111 0
X=12 Y=04 11111111 11111111 11111111 11111111 0
X=13 Y=04 11111111 11111111 11111111 11111111 0
X=14 Y=04 00000000 00000000 11111111 11111111 1
X=15 Y=04 00000000 00000000 11111111 11111111 1
X=16 Y=04 00000000 00000000 11111111 11111111 1
X=17 Y=04 00000000 00000000 11111111 11111111 1
X=18 Y=04 11111111 11111111 11111111 11111111 0
X=19 Y=04 11111111 11111111 11111111 11111111 0
X=20 Y=04 11111111 11111111 00000000 11111111 0
X=21 Y=04 11111111 11111111 00000000 11111111 0
X=22 Y=04 11111111 11111111 11111111 11111111 0
X=23 Y=04 00000000 00000000 00000000 11111111 1
X=00 Y=05 00000000 00000000 00000000 11111111 1
X=01 Y=05 11111111 11111111 11111111 11111111 0
X=02 Y=05 11111111 11111111 11111111 11111111 0
X=03 Y=05 11111111 11111111 11111111 11111111 0
X=04 Y=05 11111111 11111111 11111111 11111111 0
X=05 Y=05 11111111 11111111 11111111 11111111 0
X=06 Y=05 11111111 11111111 11111111 11111111 0
X=07 Y=05 11111111 11111111 11111111 11111111 0
X=08 Y=05 11111111 11111111 11111111 11111111 0
X=09 Y=05 11111111 11111111 11111111 11111111 0
X=10 Y=05 11111111 11111111 11111111 11111111 0
X=11 Y=05 11111111 11111111 11111111 11111111 0
X=12 Y=05 11111111 11111111 11111111 11111111 0
X=13 Y=05 11111111 11111111 11111111 11111111 0
X=14 Y=05 11111111 11111111 11111111 11111111 0
X=15 Y=05 11111111 11111111 11111111 11111111 0
X=16 Y=05 11111111 11111111 11111111 11111111 0
X=17 Y=05 11111111 11111111 11111111 11111111 0
X=18 Y=05 11111111 11111111 11111111 11111111 0
X=19 Y=05 11111111 11111111 11111111 11111111 0
X=20 Y=05 11111111 11111111 11111111 11111111 0
X=21 Y=05 11111111 11111111 11111111 11111111 0
X=22 Y=05 11111111 11111111 11111111 11111111 0
X=23 Y=05 00000000 00000000 00000000 11111111 1
X=00 Y=06 00000000 00000000 00000000 11111111 1
X=01 Y=06 11111111 11111111 11111111 11111111 0
X=02 Y=06 00000000 11111111 11111111 11111111 0
X=03 Y=06 00000000 11111111 11111111 11111111 0
X=04 Y=06 00000000 11111111 11111111 11111111 0
X=05 Y=06 00000000 11111111 11111111 11111111 0
X=06 Y=06 11111111 11111111 11111111 11111111 0
X=07 Y=06 11111111 11111111 11111111 11111111 0
X=08 Y=06 11111111 00000000 11111111 11111111 1
X=09 Y=06 11111111 00000000 11111111 11111111 1
X=10 Y=06 11111111 00000000 11111111 11111111 1
X=11 Y=06 11111111 00000000 11111111 11111111 1
X=12 Y=06 11111111 11111111 11111111 11111111 0
X=13 Y=06 11111111 11111111 11111111 11111111 0
X=14 Y=06 10000000 10000000 10000000 11111111 0
X=15 Y=06 10000000 10000000 10000000 11111111 0
X=16 Y=06 10000000 10000000 10000000 11111111 0
X=17 Y=06 10000000 10000000 10000000 11111111 0
X=18 Y=06 11111111 11111111 11111111 11111111 0
X=19 Y=06 11111111 11111111 11111111 11111111 0
X=20 Y=06 00000000 00000000 00000000 11111111 1
X=21 Y=06 00000000 00000000 00000000 11111111 1
X=22 Y=06 11111111 11111111 11111111 11111111 0
X=23 Y=06 00000000 00000000 00000000 11111111 1
X=00 Y=07 00000000 00000000 00000000 11111111 1
X=01 Y=07 11111111 11111111 11111111 11111111 0
X=02 Y=07 00000000 11111111 11111111 11111111 0
X=03 Y=07 00000000 11111111 11111111 11111111 0
X=04 Y=07 00000000 11111111 11111111 11111111 0
X=05 Y=07 00000000 11111111 11111111 11111111 0
X=06 Y=07 11111111 11111111 11111111 11111111 0
X=07 Y=07 11111111 11111111 11111111 11111111 0
X=08 Y=07 11111111 00000000 11111111 11111111 1
X=09 Y=07 11111111 00000000 11111111 11111111 1
X=10 Y=07 11111111 00000000 11111111 11111111 1
X=11 Y=07 11111111 00000000 11111111 11111111 1
X=12 Y=07 11111111 11111111 11111111 11111111 0
X=13 Y=07 11111111 11111111 11111111 11111111 0
X=14 Y=07 10000000 10000000 10000000 11111111 0
X=15 Y=07 10000000 10000000 10000000 11111111 0
X=16 Y=07 10000000 10000000 10000000 11111111 0
X=17 Y=07 10000000 10000000 10000000 11111111 0
X=18 Y=07 11111111 11111111 11111111 11111111 0
X=19 Y=07 11111111 11111111 11111111 11111111 0
X=20 Y=07 00000000 00000000 00000000 11111111 1
X=21 Y=07 00000000 00000000 00000000 11111111 1
X=22 Y=07 11111111 11111111 11111111 11111111 0
X=23 Y=07 00000000 00000000 00000000 11111111 1
X=00 Y=08 00000000 00000000 00000000 11111111 1
X=01 Y=08 11111111 11111111 11111111 11111111 0
X=02 Y=08 00000000 11111111 11111111 11111111 0
X=03 Y=08 00000000 11111111 11111111 11111111 0
X=04 Y=08 00000000 11111111 11111111 11111111 0
X=05 Y=08 00000000 11111111 11111111 11111111 0
X=06 Y=08 11111111 11111111 11111111 11111111 0
X=07 Y=08 11111111 11111111 11111111 11111111 0
X=08 Y=08 11111111 00000000 11111111 11111111 1
X=09 Y=08 11111111 00000000 11111111 11111111 1
X=10 Y=08 11111111 00000000 11111111 11111111 1
X=11 Y=08 11111111 00000000 11111111 11111111 1
X=12 Y=08 11111111 11111111 11111111 11111111 0
X=13 Y=08 11111111 11111111 11111111 11111111 0
X=14 Y=08 10000000 10000000 10000000 11111111 0
X=15 Y=08 10000000 10000000 10000000 11111111 0
X=16 Y=08 10000000 10000000 10000000 11111111 0
X=17 Y=08 10000000 10000000 10000000 11111111 0
X=18 Y=08 11111111 11111111 11111111 11111111 0
X=19 Y=08 11111111 11111111 11111111 11111111 0
X=20 Y=08 00000000 00000000 00000000 11111111 1
X=21 Y=08 00000000 00000000 00000000 11111111 1
X=22 Y=08 11111111 11111111 11111111 11111111 0
X=23 Y=08 00000000 00000000 00000000 11111111 1
X=00 Y=09 00000000 00000000 00000000 11111111 1
X=01 Y=09 11111111 11111111 11111111 11111111 0
X=02 Y=09 11111111 11111111 11111111 11111111 0
X=03 Y=09 11111111 11111111 11111111 11111111 0
X=04 Y=09 11111111 11111111 11111111 11111111 0
X=05 Y=09 11111111 11111111 11111111 11111111 0
X=06 Y=09 11111111 11111111 11111111 11111111 0
X=07 Y=09 11111111 11111111 11111111 11111111 0
X=08 Y=09 11111111 11111111 11111111 11111111 0
X=09 Y=09 11111111 11111111 11111111 11111111 0
X=10 Y=09 11111111 11111111 11111111 11111111 0
X=11 Y=09 11111111 11111111 11111111 11111111 0
X=12 Y=09 11111111 11111111 11111111 11111111 0
X=13 Y=09 11111111 11111111 11111111 11111111 0
X=14 Y=09 11111111 11111111 11111111 11111111 0
X=15 Y=09 11111111 11111111 11111111 11111111 0
X=16 Y=09 11111111 11111111 11111111 11111111 0
X=17 Y=09 11111111 11111111 11111111 11111111 0
X=18 Y=09 11111111 11111111 11111111 11111111 0
X=19 Y=09 11111111 11111111 11111111 11111111 0
X=20 Y=09 11111111 11111111 11111111 11111111 0
X=21 Y=09 11111111 11111111 11111111 11111111 0
X=22 Y=09 11111111 11111111 11111111 11111111 0
X=23 Y=09 00000000 00000000 00000000 11111111 1
X=00 Y=10 00000000 00000000 00000000 11111111 1
X=01 Y=10 11111111 11111111 11111111 11111111 0
X=02 Y=10 10000000 10000000 10000000 11111111 0
X=03 Y=10 00000000 00000000 00000000 11111111 1
X=04 Y=10 10000000 10000000 10000000 11111111 0
X=05 Y=10 00000000 00000000 00000000 11111111 1
X=06 Y=10 10000000 10000000 10000000 11111111 0
X=07 Y=10 00000000 00000000 00000000 11111111 1
X=08 Y=10 10000000 10000000 10000000 11111111 0
X=09 Y=10 00000000 00000000 00000000 11111111 1
X=10 Y=10 11111111 11111111 11111111 11111111 0
X=11 Y=10 11111111 11111111 11111111 11111111 0
X=12 Y=10 11111111 11111111 11111111 11111111 0
X=13 Y=10 11111111 11111111 11111111 11111111 0
X=14 Y=10 00000000 00000000 00000000 11111111 1
X=15 Y=10 10000000 10000000 10000000 11111111 0
X=16 Y=10 00000000 00000000 00000000 11111111 1
X=17 Y=10 10000000 10000000 10000000 11111111 0
X=18 Y=10 00000000 00000000 00000000 11111111 1
X=19 Y=10 10000000 10000000 10000000 11111111 0
X=20 Y=10 00000000 00000000 00000000 11111111 1
X=21 Y=10 10000000 10000000 10000000 11111111 0
X=22 Y=10 11111111 11111111 11111111 11111111 0
X=23 Y=10 00000000 00000000 00000000 11111111 1
X=00 Y=11 00000000 00000000 00000000 11111111 1
X=01 Y=11 11111111 11111111 11111111 11111111 0
X=02 Y=11 00000000 00000000 00000000 11111111 1
X=03 Y=11 10000000 10000000 10000000 11111111 0
X=04 Y=11 00000000 00000000 00000000 11111111 1
X=05 Y=11 10000000 10000000 10000000 11111111 0
X=06 Y=11 00000000 00000000 00000000 11111111 1
X=07 Y=11 10000000 10000000 10000000 11111111 0
X=08 Y=11 00000000 00000000 00000000 11111111 1
X=09 Y=11 10000000 10000000 10000000 11111111 0
X=10 Y=11 11111111 11111111 11111111 11111111 0
X=11 Y=11 11111111 11111111 11111111 11111111 0
X=12 Y=11 11111111 11111111 11111111 11111111 0
X=13 Y=11 11111111 11111111 11111111 11111111 0
X=14 Y=11 10000000 10000000 10000000 11111111 0
X=15 Y=11 00000000 00000000 00000000 11111111 1
X=16 Y=11 10000000 10000000 10000000 11111111 0
X=17 Y=11 00000000 00000000 00000000 11111111 1
X=18 Y=11 10000000 10000000 10000000 11111111 0
X=19 Y=11 00000000 00000000 00000000 11111111 1
X=20 Y=11 10000000 10000000 10000000 11111111 0
X=21 Y=11 00000000 00000000 00000000 11111111 1
X=22 Y=11 11111111 11111111 11111111 11111111 0
X=23 Y=11 00000000 00000000 00000000 11111111 1
X=00 Y=12 00000000 00000000 00000000 11111111 1
X=01 Y=12 11111111 11111111 11111111 11111111 0
X=02 Y=12 11111111 11111111 11111111 11111111 0
X=03 Y=12 11111111 11111111 11111111 11111111 0
X=04 Y=12 11111111 11111111 11111111 11111111 0
X=05 Y=12 11111111 11111111 11111111 11111111 0
X=06 Y=12 11111111 11111111 11111111 11111111 0
X=07 Y=12 11111111 11111111 11111111 11111111 0
X=08 Y=12 11111111 11111111 11111111 11111111 0
X=09 Y=12 11111111 11111111 11111111 11111111 0
X=10 Y=12 11111111 11111111 11111111 11111111 0
X=11 Y=12 11111111 11111111 11111111 11111111 0
X=12 Y=12 11111111 11111111 11111111 11111111 0
X=13 Y=12 11111111 11111111 11111111 11111111 0
X=14 Y=12 11111111 11111111 11111111 11111111 0
X=15 Y=12 11111111 11111111 11111111 11111111 0
X=16 Y=12 11111111 11111111 11111111 11111111 0
X=17 Y=12 11111111 11111111 11111111 11111111 0
X=18 Y=12 11111111 11111111 11111111 11111111 0
X=19 Y=12 11111111 11111111 11111111 11111111 0
X=20 Y=12 11111111 11111111 11111111 11111111 0
X=21 Y=12 11111111 11111111 11111111 11111111 0
X=22 Y=12 11111111 11111111 11111111 11111111 0
X=23 Y=12 00000000 00000000 00000000 11111111 1
X=00 Y=13 00000000 00000000 00000000 11111111 1
X=01 Y=13 11111111 11111111 11111111 11111111 0
X=02 Y=13 00000000 00000000 00000000 11111111 1
X=03 Y=13 00000000 00000000 00000000 11111111 1
X=04 Y=13 11111111 11111111 11111111 11111111 0
X=05 Y=13 11111111 11111111 11111111 11111111 0
X=06 Y=13 00000000 00000000 00000000 11111111 1
X=07 Y=13 00000000 00000000 00000000 11111111 1
X=08 Y=13 11111111 11111111 11111111 11111111 0
X=09 Y=13 11111111 11111111 11111111 11111111 0
X=10 Y=13 00000000 00000000 00000000 11111111 1
X=11 Y=13 00000000 00000000 00000000 11111111 1
X=12 Y=13 11111111 11111111 11111111 11111111 0
X=13 Y=13 11111111 11111111 11111111 11111111 0
X=14 Y=13 00000000 00000000 00000000 11111111 1
X=15 Y=13 00000000 00000000 00000000 11111111 1
X=16 Y=13 11111111 11111111 11111111 11111111 0
X=17 Y=13 11111111 11111111 11111111 11111111 0
X=18 Y=13 00000000 00000000 00000000 11111111 1
X=19 Y=13 00000000 00000000 00000000 11111111 1
X=20 Y=13 11111111 11111111 11111111 11111111 0
X=21 Y=13 11111111 11111111 11111111 11111111 0
X=22 Y=13 11111111 11111111 11111111 11111111 0
X=23 Y=13 00000000 00000000 00000000 11111111 1
X=00 Y=14 00000000 00000000 00000000 11111111 1
X=01 Y=14 11111111 11111111 11111111 11111111 0
X=02 Y=14 11111111 11111111 11111111 11111111 0
X=03 Y=14 11111111 11111111 11111111 11111111 0
X=04 Y=14 11111111 11111111 11111111 11111111 0
X=05 Y=14 11111111 11111111 11111111 11111111 0
X=06 Y=14 11111111 11111111 11111111 11111111 0
X=07 Y=14 11111111 11111111 11111111 11111111 0
X=08 Y=14 11111111 11111111 11111111 11111111 0
X=09 Y=14 11111111 11111111 11111111 11111111 0
X=10 Y=14 11111111 11111111 11111111 11111111 0
X=11 Y=14 11111111 11111111 11111111 11111111 0
X=12 Y=14 11111111 11111111 11111111 11111111 0
X=13 Y=14 11111111 11111111 11111111 11111111 0
X=14 Y=14 11111111 11111111 11111111 11111111 0
X=15 Y=14 11111111 11111111 11111111 11111111 0
X=16 Y=14 11111111 11111111 11111111 11111111 0
X=17 Y=14 11111111 11111111 11111111 11111111 0
X=18 Y=14 11111111 11111111 11111111 11111111 0
X=19 Y=14 11111111 11111111 11111111 11111111 0
X=20 Y=14 11111111 11111111 11111111 11111111 0
X=21 Y=14 11111111 11111111 11111111 11111111 0
X=22 Y=14 11111111 11111111 11111111 11111111 0
X=23 Y=14 00000000 00000000 00000000 11111111 1
X=00 Y=15 00000000 00000000 00000000 11111111 1
X=01 Y=15 00000000 00000000 00000000 11111111 1
X=02 Y=15 00000000 00000000 00000000 11111111 1
X=03 Y=15 00000000 00000000 00000000 11111111 1
X=04 Y=15 00000000 00000000 00000000 11111111 1
X=05 Y=15 00000000 00000000 00000000 11111111 1
X=06 Y=15 00000000 00000000 00000000 11111111 1
X=07 Y=15 00000000 00000000 00000000 11111111 1
X=08 Y=15 00000000 00000000 00000000 11111111 1
X=09 Y=15 00000000 00000000 00000000 11111111 1
X=10 Y=15 00000000 00000000 00000000 11111111 1
X=11 Y=15 00000000 00000000 00000000 11111111 1
X=12 Y=15 00000000 00000000 00000000 11111111 1
X=13 Y=15 00000000 00000000 00000000 11111111 1
X=14 Y=15 00000000 00000000 00000000 11111111 1
X=15 Y=15 00000000 00000000 00000000 11111111 1
X=16 Y=15 00000000 00000000 00000000 11111111 1
X=17 Y=15 00000000 00000000 00000000 11111111 1
X=18 Y=15 00000000 00000000 00000000 11111111 1
X=19 Y=15 00000000 00000000 00000000 11111111 1
X=20 Y=15 00000000 00000000 00000000 11111111 1
X=21 Y=15 00000000 00000000 00000000 11111111 1
X=22 Y=15 00000000 00000000 00000000 11111111 1
X=23 Y=15 00000000 00000000 00000000 11111111 1
END
