BINARY_DEPOSIT_V1
DATE=2026-08-09
PAGE=2
WIDTH=64
HEIGHT=24
MARKS=R G B A BIT
X=00 Y=00 11111111 11111111 11111111 11111111 0
X=01 Y=00 11111111 11111111 11111111 11111111 0
X=02 Y=00 11111111 11111111 11111111 11111111 0
X=03 Y=00 11111111 11111111 11111111 11111111 0
X=04 Y=00 11111111 11111111 11111111 11111111 0
X=05 Y=00 11111111 11111111 11111111 11111111 0
X=06 Y=00 11111111 11111111 11111111 11111111 0
X=07 Y=00 11111111 11111111 11111111 11111111 0
X=08 Y=00 11111111 11111111 11111111 11111111 0
X=09 Y=00 00000000 00000000 00000000 11111111 1
X=10 Y=00 00000000 00000000 00000000 11111111 1
X=11 Y=00 00000000 00000000 00000000 11111111 1
X=12 Y=00 00000000 00000000 00000000 11111111 1
X=13 Y=00 11111111 11111111 11111111 11111111 0
X=14 Y=00 11111111 11111111 11111111 11111111 0
X=15 Y=00 11111111 11111111 11111111 11111111 0
X=16 Y=00 11111111 11111111 11111111 11111111 0
X=17 Y=00 00000000 00000000 00000000 11111111 1
X=18 Y=00 00000000 00000000 00000000 11111111 1
X=19 Y=00 00000000 00000000 00000000 11111111 1
X=20 Y=00 00000000 00000000 00000000 11111111 1
X=21 Y=00 00000000 00000000 00000000 11111111 1
X=22 Y=00 11111111 11111111 11111111 11111111 0
X=23 Y=00 11111111 11111111 11111111 11111111 0
X=24 Y=00 11111111 11111111 11111111 11111111 0
X=25 Y=00 00000000 00000000 00000000 11111111 1
X=26 Y=00 11111111 11111111 11111111 11111111 0
X=27 Y=00 11111111 11111111 11111111 11111111 0
X=28 Y=00 11111111 11111111 11111111 11111111 0
X=29 Y=00 00000000 00000000 00000000 11111111 1
X=30 Y=00 11111111 11111111 11111111 11111111 0
X=31 Y=00 11111111 11111111 11111111 11111111 0
X=32 Y=00 11111111 11111111 11111111 11111111 0
X=33 Y=00 00000000 00000000 00000000 11111111 1
X=34 Y=00 00000000 00000000 00000000 11111111 1
X=35 Y=00 00000000 00000000 00000000 11111111 1
X=36 Y=00 00000000 00000000 00000000 11111111 1
X=37 Y=00 00000000 00000000 00000000 11111111 1
X=38 Y=00 11111111 11111111 11111111 11111111 0
X=39 Y=00 11111111 11111111 11111111 11111111 0
X=40 Y=00 11111111 11111111 11111111 11111111 0
X=41 Y=00 00000000 00000000 00000000 11111111 1
X=42 Y=00 11111111 11111111 11111111 11111111 0
X=43 Y=00 11111111 11111111 11111111 11111111 0
X=44 Y=00 11111111 11111111 11111111 11111111 0
X=45 Y=00 11111111 11111111 11111111 11111111 0
X=46 Y=00 11111111 11111111 11111111 11111111 0
X=47 Y=00 11111111 11111111 11111111 11111111 0
X=48 Y=00 11111111 11111111 11111111 11111111 0
X=49 Y=00 11111111 11111111 11111111 11111111 0
X=50 Y=00 00000000 00000000 00000000 11111111 1
X=51 Y=00 00000000 00000000 00000000 11111111 1
X=52 Y=00 00000000 00000000 00000000 11111111 1
X=53 Y=00 00000000 00000000 00000000 11111111 1
X=54 Y=00 11111111 11111111 11111111 11111111 0
X=55 Y=00 11111111 11111111 11111111 11111111 0
X=56 Y=00 11111111 11111111 11111111 11111111 0
X=57 Y=00 11111111 11111111 11111111 11111111 0
X=58 Y=00 11111111 11111111 11111111 11111111 0
X=59 Y=00 11111111 11111111 11111111 11111111 0
X=60 Y=00 11111111 11111111 11111111 11111111 0
X=61 Y=00 11111111 11111111 11111111 11111111 0
X=62 Y=00 11111111 11111111 11111111 11111111 0
X=63 Y=00 11111111 11111111 11111111 11111111 0
X=00 Y=01 11111111 11111111 11111111 11111111 0
X=01 Y=01 11111111 11111111 11111111 11111111 0
X=02 Y=01 11111111 11111111 11111111 11111111 0
X=03 Y=01 11111111 11111111 11111111 11111111 0
X=04 Y=01 11111111 11111111 11111111 11111111 0
X=05 Y=01 11111111 11111111 11111111 11111111 0
X=06 Y=01 11111111 11111111 11111111 11111111 0
X=07 Y=01 11111111 11111111 11111111 11111111 0
X=08 Y=01 11111111 11111111 11111111 11111111 0
X=09 Y=01 00000000 00000000 00000000 11111111 1
X=10 Y=01 11111111 11111111 11111111 11111111 0
X=11 Y=01 11111111 11111111 11111111 11111111 0
X=12 Y=01 11111111 11111111 11111111 11111111 0
X=13 Y=01 00000000 00000000 00000000 11111111 1
X=14 Y=01 11111111 11111111 11111111 11111111 0
X=15 Y=01 11111111 11111111 11111111 11111111 0
X=16 Y=01 11111111 11111111 11111111 11111111 0
X=17 Y=01 11111111 11111111 11111111 11111111 0
X=18 Y=01 11111111 11111111 11111111 11111111 0
X=19 Y=01 00000000 00000000 00000000 11111111 1
X=20 Y=01 11111111 11111111 11111111 11111111 0
X=21 Y=01 11111111 11111111 11111111 11111111 0
X=22 Y=01 11111111 11111111 11111111 11111111 0
X=23 Y=01 11111111 11111111 11111111 11111111 0
X=24 Y=01 11111111 11111111 11111111 11111111 0
X=25 Y=01 00000000 00000000 00000000 11111111 1
X=26 Y=01 11111111 11111111 11111111 11111111 0
X=27 Y=01 11111111 11111111 11111111 11111111 0
X=28 Y=01 11111111 11111111 11111111 11111111 0
X=29 Y=01 00000000 00000000 00000000 11111111 1
X=30 Y=01 11111111 11111111 11111111 11111111 0
X=31 Y=01 11111111 11111111 11111111 11111111 0
X=32 Y=01 11111111 11111111 11111111 11111111 0
X=33 Y=01 00000000 00000000 00000000 11111111 1
X=34 Y=01 11111111 11111111 11111111 11111111 0
X=35 Y=01 11111111 11111111 11111111 11111111 0
X=36 Y=01 11111111 11111111 11111111 11111111 0
X=37 Y=01 11111111 11111111 11111111 11111111 0
X=38 Y=01 11111111 11111111 11111111 11111111 0
X=39 Y=01 11111111 11111111 11111111 11111111 0
X=40 Y=01 11111111 11111111 11111111 11111111 0
X=41 Y=01 00000000 00000000 00000000 11111111 1
X=42 Y=01 11111111 11111111 11111111 11111111 0
X=43 Y=01 11111111 11111111 11111111 11111111 0
X=44 Y=01 11111111 11111111 11111111 11111111 0
X=45 Y=01 11111111 11111111 11111111 11111111 0
X=46 Y=01 11111111 11111111 11111111 11111111 0
X=47 Y=01 11111111 11111111 11111111 11111111 0
X=48 Y=01 11111111 11111111 11111111 11111111 0
X=49 Y=01 00000000 00000000 00000000 11111111 1
X=50 Y=01 11111111 11111111 11111111 11111111 0
X=51 Y=01 11111111 11111111 11111111 11111111 0
X=52 Y=01 11111111 11111111 11111111 11111111 0
X=53 Y=01 11111111 11111111 11111111 11111111 0
X=54 Y=01 11111111 11111111 11111111 11111111 0
X=55 Y=01 11111111 11111111 11111111 11111111 0
X=56 Y=01 11111111 11111111 11111111 11111111 0
X=57 Y=01 11111111 11111111 11111111 11111111 0
X=58 Y=01 11111111 11111111 11111111 11111111 0
X=59 Y=01 11111111 11111111 11111111 11111111 0
X=60 Y=01 11111111 11111111 11111111 11111111 0
X=61 Y=01 11111111 11111111 11111111 11111111 0
X=62 Y=01 11111111 11111111 11111111 11111111 0
X=63 Y=01 11111111 11111111 11111111 11111111 0
X=00 Y=02 11111111 11111111 11111111 11111111 0
X=01 Y=02 11111111 11111111 11111111 11111111 0
X=02 Y=02 11111111 11111111 11111111 11111111 0
X=03 Y=02 11111111 11111111 11111111 11111111 0
X=04 Y=02 11111111 11111111 11111111 11111111 0
X=05 Y=02 11111111 11111111 11111111 11111111 0
X=06 Y=02 11111111 11111111 11111111 11111111 0
X=07 Y=02 11111111 11111111 11111111 11111111 0
X=08 Y=02 11111111 11111111 11111111 11111111 0
X=09 Y=02 00000000 00000000 00000000 11111111 1
X=10 Y=02 11111111 11111111 11111111 11111111 0
X=11 Y=02 11111111 11111111 11111111 11111111 0
X=12 Y=02 11111111 11111111 11111111 11111111 0
X=13 Y=02 00000000 00000000 00000000 11111111 1
X=14 Y=02 11111111 11111111 11111111 11111111 0
X=15 Y=02 11111111 11111111 11111111 11111111 0
X=16 Y=02 11111111 11111111 11111111 11111111 0
X=17 Y=02 11111111 11111111 11111111 11111111 0
X=18 Y=02 11111111 11111111 11111111 11111111 0
X=19 Y=02 00000000 00000000 00000000 11111111 1
X=20 Y=02 11111111 11111111 11111111 11111111 0
X=21 Y=02 11111111 11111111 11111111 11111111 0
X=22 Y=02 11111111 11111111 11111111 11111111 0
X=23 Y=02 11111111 11111111 11111111 11111111 0
X=24 Y=02 11111111 11111111 11111111 11111111 0
X=25 Y=02 11111111 11111111 11111111 11111111 0
X=26 Y=02 00000000 00000000 00000000 11111111 1
X=27 Y=02 11111111 11111111 11111111 11111111 0
X=28 Y=02 00000000 00000000 00000000 11111111 1
X=29 Y=02 11111111 11111111 11111111 11111111 0
X=30 Y=02 11111111 11111111 11111111 11111111 0
X=31 Y=02 11111111 11111111 11111111 11111111 0
X=32 Y=02 11111111 11111111 11111111 11111111 0
X=33 Y=02 00000000 00000000 00000000 11111111 1
X=34 Y=02 11111111 11111111 11111111 11111111 0
X=35 Y=02 11111111 11111111 11111111 11111111 0
X=36 Y=02 11111111 11111111 11111111 11111111 0
X=37 Y=02 11111111 11111111 11111111 11111111 0
X=38 Y=02 11111111 11111111 11111111 11111111 0
X=39 Y=02 11111111 11111111 11111111 11111111 0
X=40 Y=02 11111111 11111111 11111111 11111111 0
X=41 Y=02 00000000 00000000 00000000 11111111 1
X=42 Y=02 11111111 11111111 11111111 11111111 0
X=43 Y=02 11111111 11111111 11111111 11111111 0
X=44 Y=02 11111111 11111111 11111111 11111111 0
X=45 Y=02 11111111 11111111 11111111 11111111 0
X=46 Y=02 11111111 11111111 11111111 11111111 0
X=47 Y=02 11111111 11111111 11111111 11111111 0
X=48 Y=02 11111111 11111111 11111111 11111111 0
X=49 Y=02 00000000 00000000 00000000 11111111 1
X=50 Y=02 11111111 11111111 11111111 11111111 0
X=51 Y=02 11111111 11111111 11111111 11111111 0
X=52 Y=02 11111111 11111111 11111111 11111111 0
X=53 Y=02 11111111 11111111 11111111 11111111 0
X=54 Y=02 11111111 11111111 11111111 11111111 0
X=55 Y=02 11111111 11111111 11111111 11111111 0
X=56 Y=02 11111111 11111111 11111111 11111111 0
X=57 Y=02 11111111 11111111 11111111 11111111 0
X=58 Y=02 11111111 11111111 11111111 11111111 0
X=59 Y=02 11111111 11111111 11111111 11111111 0
X=60 Y=02 11111111 11111111 11111111 11111111 0
X=61 Y=02 11111111 11111111 11111111 11111111 0
X=62 Y=02 11111111 11111111 11111111 11111111 0
X=63 Y=02 11111111 11111111 11111111 11111111 0
X=00 Y=03 11111111 11111111 11111111 11111111 0
X=01 Y=03 11111111 11111111 11111111 11111111 0
X=02 Y=03 11111111 11111111 11111111 11111111 0
X=03 Y=03 11111111 11111111 11111111 11111111 0
X=04 Y=03 11111111 11111111 11111111 11111111 0
X=05 Y=03 11111111 11111111 11111111 11111111 0
X=06 Y=03 11111111 11111111 11111111 11111111 0
X=07 Y=03 11111111 11111111 11111111 11111111 0
X=08 Y=03 11111111 11111111 11111111 11111111 0
X=09 Y=03 00000000 00000000 00000000 11111111 1
X=10 Y=03 00000000 00000000 00000000 11111111 1
X=11 Y=03 00000000 00000000 00000000 11111111 1
X=12 Y=03 00000000 00000000 00000000 11111111 1
X=13 Y=03 11111111 11111111 11111111 11111111 0
X=14 Y=03 11111111 11111111 11111111 11111111 0
X=15 Y=03 11111111 11111111 11111111 11111111 0
X=16 Y=03 11111111 11111111 11111111 11111111 0
X=17 Y=03 11111111 11111111 11111111 11111111 0
X=18 Y=03 11111111 11111111 11111111 11111111 0
X=19 Y=03 00000000 00000000 00000000 11111111 1
X=20 Y=03 11111111 11111111 11111111 11111111 0
X=21 Y=03 11111111 11111111 11111111 11111111 0
X=22 Y=03 11111111 11111111 11111111 11111111 0
X=23 Y=03 11111111 11111111 11111111 11111111 0
X=24 Y=03 11111111 11111111 11111111 11111111 0
X=25 Y=03 11111111 11111111 11111111 11111111 0
X=26 Y=03 11111111 11111111 11111111 11111111 0
X=27 Y=03 00000000 00000000 00000000 11111111 1
X=28 Y=03 11111111 11111111 11111111 11111111 0
X=29 Y=03 11111111 11111111 11111111 11111111 0
X=30 Y=03 11111111 11111111 11111111 11111111 0
X=31 Y=03 11111111 11111111 11111111 11111111 0
X=32 Y=03 11111111 11111111 11111111 11111111 0
X=33 Y=03 00000000 00000000 00000000 11111111 1
X=34 Y=03 00000000 00000000 00000000 11111111 1
X=35 Y=03 00000000 00000000 00000000 11111111 1
X=36 Y=03 00000000 00000000 00000000 11111111 1
X=37 Y=03 11111111 11111111 11111111 11111111 0
X=38 Y=03 11111111 11111111 11111111 11111111 0
X=39 Y=03 11111111 11111111 11111111 11111111 0
X=40 Y=03 11111111 11111111 11111111 11111111 0
X=41 Y=03 00000000 00000000 00000000 11111111 1
X=42 Y=03 11111111 11111111 11111111 11111111 0
X=43 Y=03 11111111 11111111 11111111 11111111 0
X=44 Y=03 11111111 11111111 11111111 11111111 0
X=45 Y=03 11111111 11111111 11111111 11111111 0
X=46 Y=03 11111111 11111111 11111111 11111111 0
X=47 Y=03 11111111 11111111 11111111 11111111 0
X=48 Y=03 11111111 11111111 11111111 11111111 0
X=49 Y=03 11111111 11111111 11111111 11111111 0
X=50 Y=03 00000000 00000000 00000000 11111111 1
X=51 Y=03 00000000 00000000 00000000 11111111 1
X=52 Y=03 00000000 00000000 00000000 11111111 1
X=53 Y=03 11111111 11111111 11111111 11111111 0
X=54 Y=03 11111111 11111111 11111111 11111111 0
X=55 Y=03 11111111 11111111 11111111 11111111 0
X=56 Y=03 11111111 11111111 11111111 11111111 0
X=57 Y=03 11111111 11111111 11111111 11111111 0
X=58 Y=03 11111111 11111111 11111111 11111111 0
X=59 Y=03 11111111 11111111 11111111 11111111 0
X=60 Y=03 11111111 11111111 11111111 11111111 0
X=61 Y=03 11111111 11111111 11111111 11111111 0
X=62 Y=03 11111111 11111111 11111111 11111111 0
X=63 Y=03 11111111 11111111 11111111 11111111 0
X=00 Y=04 11111111 11111111 11111111 11111111 0
X=01 Y=04 11111111 11111111 11111111 11111111 0
X=02 Y=04 11111111 11111111 11111111 11111111 0
X=03 Y=04 11111111 11111111 11111111 11111111 0
X=04 Y=04 11111111 11111111 11111111 11111111 0
X=05 Y=04 11111111 11111111 11111111 11111111 0
X=06 Y=04 11111111 11111111 11111111 11111111 0
X=07 Y=04 11111111 11111111 11111111 11111111 0
X=08 Y=04 11111111 11111111 11111111 11111111 0
X=09 Y=04 00000000 00000000 00000000 11111111 1
X=10 Y=04 11111111 11111111 11111111 11111111 0
X=11 Y=04 11111111 11111111 11111111 11111111 0
X=12 Y=04 11111111 11111111 11111111 11111111 0
X=13 Y=04 11111111 11111111 11111111 11111111 0
X=14 Y=04 11111111 11111111 11111111 11111111 0
X=15 Y=04 11111111 11111111 11111111 11111111 0
X=16 Y=04 11111111 11111111 11111111 11111111 0
X=17 Y=04 11111111 11111111 11111111 11111111 0
X=18 Y=04 11111111 11111111 11111111 11111111 0
X=19 Y=04 00000000 00000000 00000000 11111111 1
X=20 Y=04 11111111 11111111 11111111 11111111 0
X=21 Y=04 11111111 11111111 11111111 11111111 0
X=22 Y=04 11111111 11111111 11111111 11111111 0
X=23 Y=04 11111111 11111111 11111111 11111111 0
X=24 Y=04 11111111 11111111 11111111 11111111 0
X=25 Y=04 11111111 11111111 11111111 11111111 0
X=26 Y=04 00000000 00000000 00000000 11111111 1
X=27 Y=04 11111111 11111111 11111111 11111111 0
X=28 Y=04 00000000 00000000 00000000 11111111 1
X=29 Y=04 11111111 11111111 11111111 11111111 0
X=30 Y=04 11111111 11111111 11111111 11111111 0
X=31 Y=04 11111111 11111111 11111111 11111111 0
X=32 Y=04 11111111 11111111 11111111 11111111 0
X=33 Y=04 00000000 00000000 00000000 11111111 1
X=34 Y=04 11111111 11111111 11111111 11111111 0
X=35 Y=04 11111111 11111111 11111111 11111111 0
X=36 Y=04 11111111 11111111 11111111 11111111 0
X=37 Y=04 11111111 11111111 11111111 11111111 0
X=38 Y=04 11111111 11111111 11111111 11111111 0
X=39 Y=04 11111111 11111111 11111111 11111111 0
X=40 Y=04 11111111 11111111 11111111 11111111 0
X=41 Y=04 00000000 00000000 00000000 11111111 1
X=42 Y=04 11111111 11111111 11111111 11111111 0
X=43 Y=04 11111111 11111111 11111111 11111111 0
X=44 Y=04 11111111 11111111 11111111 11111111 0
X=45 Y=04 11111111 11111111 11111111 11111111 0
X=46 Y=04 11111111 11111111 11111111 11111111 0
X=47 Y=04 11111111 11111111 11111111 11111111 0
X=48 Y=04 11111111 11111111 11111111 11111111 0
X=49 Y=04 11111111 11111111 11111111 11111111 0
X=50 Y=04 11111111 11111111 11111111 11111111 0
X=51 Y=04 11111111 11111111 11111111 11111111 0
X=52 Y=04 11111111 11111111 11111111 11111111 0
X=53 Y=04 00000000 00000000 00000000 11111111 1
X=54 Y=04 11111111 11111111 11111111 11111111 0
X=55 Y=04 11111111 11111111 11111111 11111111 0
X=56 Y=04 11111111 11111111 11111111 11111111 0
X=57 Y=04 11111111 11111111 11111111 11111111 0
X=58 Y=04 11111111 11111111 11111111 11111111 0
X=59 Y=04 11111111 11111111 11111111 11111111 0
X=60 Y=04 11111111 11111111 11111111 11111111 0
X=61 Y=04 11111111 11111111 11111111 11111111 0
X=62 Y=04 11111111 11111111 11111111 11111111 0
X=63 Y=04 11111111 11111111 11111111 11111111 0
X=00 Y=05 11111111 11111111 11111111 11111111 0
X=01 Y=05 11111111 11111111 11111111 11111111 0
X=02 Y=05 11111111 11111111 11111111 11111111 0
X=03 Y=05 11111111 11111111 11111111 11111111 0
X=04 Y=05 11111111 11111111 11111111 11111111 0
X=05 Y=05 11111111 11111111 11111111 11111111 0
X=06 Y=05 11111111 11111111 11111111 11111111 0
X=07 Y=05 11111111 11111111 11111111 11111111 0
X=08 Y=05 11111111 11111111 11111111 11111111 0
X=09 Y=05 00000000 00000000 00000000 11111111 1
X=10 Y=05 11111111 11111111 11111111 11111111 0
X=11 Y=05 11111111 11111111 11111111 11111111 0
X=12 Y=05 11111111 11111111 11111111 11111111 0
X=13 Y=05 11111111 11111111 11111111 11111111 0
X=14 Y=05 11111111 11111111 11111111 11111111 0
X=15 Y=05 11111111 11111111 11111111 11111111 0
X=16 Y=05 11111111 11111111 11111111 11111111 0
X=17 Y=05 11111111 11111111 11111111 11111111 0
X=18 Y=05 11111111 11111111 11111111 11111111 0
X=19 Y=05 00000000 00000000 00000000 11111111 1
X=20 Y=05 11111111 11111111 11111111 11111111 0
X=21 Y=05 11111111 11111111 11111111 11111111 0
X=22 Y=05 11111111 11111111 11111111 11111111 0
X=23 Y=05 11111111 11111111 11111111 11111111 0
X=24 Y=05 11111111 11111111 11111111 11111111 0
X=25 Y=05 00000000 00000000 00000000 11111111 1
X=26 Y=05 11111111 11111111 11111111 11111111 0
X=27 Y=05 11111111 11111111 11111111 11111111 0
X=28 Y=05 11111111 11111111 11111111 11111111 0
X=29 Y=05 00000000 00000000 00000000 11111111 1
X=30 Y=05 11111111 11111111 11111111 11111111 0
X=31 Y=05 11111111 11111111 11111111 11111111 0
X=32 Y=05 11111111 11111111 11111111 11111111 0
X=33 Y=05 00000000 00000000 00000000 11111111 1
X=34 Y=05 11111111 11111111 11111111 11111111 0
X=35 Y=05 11111111 11111111 11111111 11111111 0
X=36 Y=05 11111111 11111111 11111111 11111111 0
X=37 Y=05 11111111 11111111 11111111 11111111 0
X=38 Y=05 11111111 11111111 11111111 11111111 0
X=39 Y=05 11111111 11111111 11111111 11111111 0
X=40 Y=05 11111111 11111111 11111111 11111111 0
X=41 Y=05 00000000 00000000 00000000 11111111 1
X=42 Y=05 11111111 11111111 11111111 11111111 0
X=43 Y=05 11111111 11111111 11111111 11111111 0
X=44 Y=05 11111111 11111111 11111111 11111111 0
X=45 Y=05 11111111 11111111 11111111 11111111 0
X=46 Y=05 11111111 11111111 11111111 11111111 0
X=47 Y=05 11111111 11111111 11111111 11111111 0
X=48 Y=05 11111111 11111111 11111111 11111111 0
X=49 Y=05 11111111 11111111 11111111 11111111 0
X=50 Y=05 11111111 11111111 11111111 11111111 0
X=51 Y=05 11111111 11111111 11111111 11111111 0
X=52 Y=05 11111111 11111111 11111111 11111111 0
X=53 Y=05 00000000 00000000 00000000 11111111 1
X=54 Y=05 11111111 11111111 11111111 11111111 0
X=55 Y=05 11111111 11111111 11111111 11111111 0
X=56 Y=05 11111111 11111111 11111111 11111111 0
X=57 Y=05 11111111 11111111 11111111 11111111 0
X=58 Y=05 11111111 11111111 11111111 11111111 0
X=59 Y=05 11111111 11111111 11111111 11111111 0
X=60 Y=05 11111111 11111111 11111111 11111111 0
X=61 Y=05 11111111 11111111 11111111 11111111 0
X=62 Y=05 11111111 11111111 11111111 11111111 0
X=63 Y=05 11111111 11111111 11111111 11111111 0
X=00 Y=06 11111111 11111111 11111111 11111111 0
X=01 Y=06 11111111 11111111 11111111 11111111 0
X=02 Y=06 11111111 11111111 11111111 11111111 0
X=03 Y=06 11111111 11111111 11111111 11111111 0
X=04 Y=06 11111111 11111111 11111111 11111111 0
X=05 Y=06 11111111 11111111 11111111 11111111 0
X=06 Y=06 11111111 11111111 11111111 11111111 0
X=07 Y=06 11111111 11111111 11111111 11111111 0
X=08 Y=06 11111111 11111111 11111111 11111111 0
X=09 Y=06 00000000 00000000 00000000 11111111 1
X=10 Y=06 11111111 11111111 11111111 11111111 0
X=11 Y=06 11111111 11111111 11111111 11111111 0
X=12 Y=06 11111111 11111111 11111111 11111111 0
X=13 Y=06 11111111 11111111 11111111 11111111 0
X=14 Y=06 11111111 11111111 11111111 11111111 0
X=15 Y=06 11111111 11111111 11111111 11111111 0
X=16 Y=06 11111111 11111111 11111111 11111111 0
X=17 Y=06 00000000 00000000 00000000 11111111 1
X=18 Y=06 00000000 00000000 00000000 11111111 1
X=19 Y=06 00000000 00000000 00000000 11111111 1
X=20 Y=06 00000000 00000000 00000000 11111111 1
X=21 Y=06 00000000 00000000 00000000 11111111 1
X=22 Y=06 11111111 11111111 11111111 11111111 0
X=23 Y=06 11111111 11111111 11111111 11111111 0
X=24 Y=06 11111111 11111111 11111111 11111111 0
X=25 Y=06 00000000 00000000 00000000 11111111 1
X=26 Y=06 11111111 11111111 11111111 11111111 0
X=27 Y=06 11111111 11111111 11111111 11111111 0
X=28 Y=06 11111111 11111111 11111111 11111111 0
X=29 Y=06 00000000 00000000 00000000 11111111 1
X=30 Y=06 11111111 11111111 11111111 11111111 0
X=31 Y=06 11111111 11111111 11111111 11111111 0
X=32 Y=06 11111111 11111111 11111111 11111111 0
X=33 Y=06 00000000 00000000 00000000 11111111 1
X=34 Y=06 00000000 00000000 00000000 11111111 1
X=35 Y=06 00000000 00000000 00000000 11111111 1
X=36 Y=06 00000000 00000000 00000000 11111111 1
X=37 Y=06 00000000 00000000 00000000 11111111 1
X=38 Y=06 11111111 11111111 11111111 11111111 0
X=39 Y=06 11111111 11111111 11111111 11111111 0
X=40 Y=06 11111111 11111111 11111111 11111111 0
X=41 Y=06 00000000 00000000 00000000 11111111 1
X=42 Y=06 00000000 00000000 00000000 11111111 1
X=43 Y=06 00000000 00000000 00000000 11111111 1
X=44 Y=06 00000000 00000000 00000000 11111111 1
X=45 Y=06 00000000 00000000 00000000 11111111 1
X=46 Y=06 11111111 11111111 11111111 11111111 0
X=47 Y=06 11111111 11111111 11111111 11111111 0
X=48 Y=06 11111111 11111111 11111111 11111111 0
X=49 Y=06 00000000 00000000 00000000 11111111 1
X=50 Y=06 00000000 00000000 00000000 11111111 1
X=51 Y=06 00000000 00000000 00000000 11111111 1
X=52 Y=06 00000000 00000000 00000000 11111111 1
X=53 Y=06 11111111 11111111 11111111 11111111 0
X=54 Y=06 11111111 11111111 11111111 11111111 0
X=55 Y=06 11111111 11111111 11111111 11111111 0
X=56 Y=06 11111111 11111111 11111111 11111111 0
X=57 Y=06 11111111 11111111 11111111 11111111 0
X=58 Y=06 11111111 11111111 11111111 11111111 0
X=59 Y=06 11111111 11111111 11111111 11111111 0
X=60 Y=06 11111111 11111111 11111111 11111111 0
X=61 Y=06 11111111 11111111 11111111 11111111 0
X=62 Y=06 11111111 11111111 11111111 11111111 0
X=63 Y=06 11111111 11111111 11111111 11111111 0
X=00 Y=07 11111111 11111111 11111111 11111111 0
X=01 Y=07 11111111 11111111 11111111 11111111 0
X=02 Y=07 11111111 11111111 11111111 11111111 0
X=03 Y=07 11111111 11111111 11111111 11111111 0
X=04 Y=07 11111111 11111111 11111111 11111111 0
X=05 Y=07 11111111 11111111 11111111 11111111 0
X=06 Y=07 11111111 11111111 11111111 11111111 0
X=07 Y=07 11111111 11111111 11111111 11111111 0
X=08 Y=07 11111111 11111111 11111111 11111111 0
X=09 Y=07 11111111 11111111 11111111 11111111 0
X=10 Y=07 11111111 11111111 11111111 11111111 0
X=11 Y=07 11111111 11111111 11111111 11111111 0
X=12 Y=07 11111111 11111111 11111111 11111111 0
X=13 Y=07 11111111 11111111 11111111 11111111 0
X=14 Y=07 11111111 11111111 11111111 11111111 0
X=15 Y=07 11111111 11111111 11111111 11111111 0
X=16 Y=07 11111111 11111111 11111111 11111111 0
X=17 Y=07 11111111 11111111 11111111 11111111 0
X=18 Y=07 11111111 11111111 11111111 11111111 0
X=19 Y=07 11111111 11111111 11111111 11111111 0
X=20 Y=07 11111111 11111111 11111111 11111111 0
X=21 Y=07 11111111 11111111 11111111 11111111 0
X=22 Y=07 11111111 11111111 11111111 11111111 0
X=23 Y=07 11111111 11111111 11111111 11111111 0
X=24 Y=07 11111111 11111111 11111111 11111111 0
X=25 Y=07 11111111 11111111 11111111 11111111 0
X=26 Y=07 11111111 11111111 11111111 11111111 0
X=27 Y=07 11111111 11111111 11111111 11111111 0
X=28 Y=07 11111111 11111111 11111111 11111111 0
X=29 Y=07 11111111 11111111 11111111 11111111 0
X=30 Y=07 11111111 11111111 11111111 11111111 0
X=31 Y=07 11111111 11111111 11111111 11111111 0
X=32 Y=07 11111111 11111111 11111111 11111111 0
X=33 Y=07 11111111 11111111 11111111 11111111 0
X=34 Y=07 11111111 11111111 11111111 11111111 0
X=35 Y=07 11111111 11111111 11111111 11111111 0
X=36 Y=07 11111111 11111111 11111111 11111111 0
X=37 Y=07 11111111 11111111 11111111 11111111 0
X=38 Y=07 11111111 11111111 11111111 11111111 0
X=39 Y=07 11111111 11111111 11111111 11111111 0
X=40 Y=07 11111111 11111111 11111111 11111111 0
X=41 Y=07 11111111 11111111 11111111 11111111 0
X=42 Y=07 11111111 11111111 11111111 11111111 0
X=43 Y=07 11111111 11111111 11111111 11111111 0
X=44 Y=07 11111111 11111111 11111111 11111111 0
X=45 Y=07 11111111 11111111 11111111 11111111 0
X=46 Y=07 11111111 11111111 11111111 11111111 0
X=47 Y=07 11111111 11111111 11111111 11111111 0
X=48 Y=07 11111111 11111111 11111111 11111111 0
X=49 Y=07 11111111 11111111 11111111 11111111 0
X=50 Y=07 11111111 11111111 11111111 11111111 0
X=51 Y=07 11111111 11111111 11111111 11111111 0
X=52 Y=07 11111111 11111111 11111111 11111111 0
X=53 Y=07 11111111 11111111 11111111 11111111 0
X=54 Y=07 11111111 11111111 11111111 11111111 0
X=55 Y=07 11111111 11111111 11111111 11111111 0
X=56 Y=07 11111111 11111111 11111111 11111111 0
X=57 Y=07 11111111 11111111 11111111 11111111 0
X=58 Y=07 11111111 11111111 11111111 11111111 0
X=59 Y=07 11111111 11111111 11111111 11111111 0
X=60 Y=07 11111111 11111111 11111111 11111111 0
X=61 Y=07 11111111 11111111 11111111 11111111 0
X=62 Y=07 11111111 11111111 11111111 11111111 0
X=63 Y=07 11111111 11111111 11111111 11111111 0
X=00 Y=08 11111111 11111111 11111111 11111111 0
X=01 Y=08 00000000 00000000 00000000 11111111 1
X=02 Y=08 00000000 00000000 00000000 11111111 1
X=03 Y=08 00000000 00000000 00000000 11111111 1
X=04 Y=08 00000000 00000000 00000000 11111111 1
X=05 Y=08 11111111 11111111 11111111 11111111 0
X=06 Y=08 11111111 11111111 11111111 11111111 0
X=07 Y=08 11111111 11111111 11111111 11111111 0
X=08 Y=08 11111111 11111111 11111111 11111111 0
X=09 Y=08 11111111 11111111 11111111 11111111 0
X=10 Y=08 00000000 00000000 00000000 11111111 1
X=11 Y=08 00000000 00000000 00000000 11111111 1
X=12 Y=08 00000000 00000000 00000000 11111111 1
X=13 Y=08 11111111 11111111 11111111 11111111 0
X=14 Y=08 11111111 11111111 11111111 11111111 0
X=15 Y=08 11111111 11111111 11111111 11111111 0
X=16 Y=08 11111111 11111111 11111111 11111111 0
X=17 Y=08 11111111 11111111 11111111 11111111 0
X=18 Y=08 00000000 00000000 00000000 11111111 1
X=19 Y=08 00000000 00000000 00000000 11111111 1
X=20 Y=08 00000000 00000000 00000000 11111111 1
X=21 Y=08 00000000 00000000 00000000 11111111 1
X=22 Y=08 11111111 11111111 11111111 11111111 0
X=23 Y=08 11111111 11111111 11111111 11111111 0
X=24 Y=08 11111111 11111111 11111111 11111111 0
X=25 Y=08 00000000 00000000 00000000 11111111 1
X=26 Y=08 00000000 00000000 00000000 11111111 1
X=27 Y=08 00000000 00000000 00000000 11111111 1
X=28 Y=08 00000000 00000000 00000000 11111111 1
X=29 Y=08 00000000 00000000 00000000 11111111 1
X=30 Y=08 11111111 11111111 11111111 11111111 0
X=31 Y=08 11111111 11111111 11111111 11111111 0
X=32 Y=08 11111111 11111111 11111111 11111111 0
X=33 Y=08 11111111 11111111 11111111 11111111 0
X=34 Y=08 11111111 11111111 11111111 11111111 0
X=35 Y=08 11111111 11111111 11111111 11111111 0
X=36 Y=08 11111111 11111111 11111111 11111111 0
X=37 Y=08 11111111 11111111 11111111 11111111 0
X=38 Y=08 11111111 11111111 11111111 11111111 0
X=39 Y=08 11111111 11111111 11111111 11111111 0
X=40 Y=08 11111111 11111111 11111111 11111111 0
X=41 Y=08 00000000 00000000 00000000 11111111 1
X=42 Y=08 00000000 00000000 00000000 11111111 1
X=43 Y=08 00000000 00000000 00000000 11111111 1
X=44 Y=08 00000000 00000000 00000000 11111111 1
X=45 Y=08 00000000 00000000 00000000 11111111 1
X=46 Y=08 11111111 11111111 11111111 11111111 0
X=47 Y=08 11111111 11111111 11111111 11111111 0
X=48 Y=08 11111111 11111111 11111111 11111111 0
X=49 Y=08 00000000 00000000 00000000 11111111 1
X=50 Y=08 11111111 11111111 11111111 11111111 0
X=51 Y=08 11111111 11111111 11111111 11111111 0
X=52 Y=08 11111111 11111111 11111111 11111111 0
X=53 Y=08 00000000 00000000 00000000 11111111 1
X=54 Y=08 11111111 11111111 11111111 11111111 0
X=55 Y=08 11111111 11111111 11111111 11111111 0
X=56 Y=08 11111111 11111111 11111111 11111111 0
X=57 Y=08 11111111 11111111 11111111 11111111 0
X=58 Y=08 00000000 00000000 00000000 11111111 1
X=59 Y=08 00000000 00000000 00000000 11111111 1
X=60 Y=08 00000000 00000000 00000000 11111111 1
X=61 Y=08 11111111 11111111 11111111 11111111 0
X=62 Y=08 11111111 11111111 11111111 11111111 0
X=63 Y=08 11111111 11111111 11111111 11111111 0
X=00 Y=09 11111111 11111111 11111111 11111111 0
X=01 Y=09 00000000 00000000 00000000 11111111 1
X=02 Y=09 11111111 11111111 11111111 11111111 0
X=03 Y=09 11111111 11111111 11111111 11111111 0
X=04 Y=09 11111111 11111111 11111111 11111111 0
X=05 Y=09 00000000 00000000 00000000 11111111 1
X=06 Y=09 11111111 11111111 11111111 11111111 0
X=07 Y=09 11111111 11111111 11111111 11111111 0
X=08 Y=09 11111111 11111111 11111111 11111111 0
X=09 Y=09 00000000 00000000 00000000 11111111 1
X=10 Y=09 11111111 11111111 11111111 11111111 0
X=11 Y=09 11111111 11111111 11111111 11111111 0
X=12 Y=09 11111111 11111111 11111111 11111111 0
X=13 Y=09 00000000 00000000 00000000 11111111 1
X=14 Y=09 11111111 11111111 11111111 11111111 0
X=15 Y=09 11111111 11111111 11111111 11111111 0
X=16 Y=09 11111111 11111111 11111111 11111111 0
X=17 Y=09 00000000 00000000 00000000 11111111 1
X=18 Y=09 11111111 11111111 11111111 11111111 0
X=19 Y=09 11111111 11111111 11111111 11111111 0
X=20 Y=09 11111111 11111111 11111111 11111111 0
X=21 Y=09 11111111 11111111 11111111 11111111 0
X=22 Y=09 11111111 11111111 11111111 11111111 0
X=23 Y=09 11111111 11111111 11111111 11111111 0
X=24 Y=09 11111111 11111111 11111111 11111111 0
X=25 Y=09 00000000 00000000 00000000 11111111 1
X=26 Y=09 11111111 11111111 11111111 11111111 0
X=27 Y=09 11111111 11111111 11111111 11111111 0
X=28 Y=09 11111111 11111111 11111111 11111111 0
X=29 Y=09 11111111 11111111 11111111 11111111 0
X=30 Y=09 11111111 11111111 11111111 11111111 0
X=31 Y=09 11111111 11111111 11111111 11111111 0
X=32 Y=09 11111111 11111111 11111111 11111111 0
X=33 Y=09 11111111 11111111 11111111 11111111 0
X=34 Y=09 11111111 11111111 11111111 11111111 0
X=35 Y=09 11111111 11111111 11111111 11111111 0
X=36 Y=09 11111111 11111111 11111111 11111111 0
X=37 Y=09 11111111 11111111 11111111 11111111 0
X=38 Y=09 11111111 11111111 11111111 11111111 0
X=39 Y=09 11111111 11111111 11111111 11111111 0
X=40 Y=09 11111111 11111111 11111111 11111111 0
X=41 Y=09 11111111 11111111 11111111 11111111 0
X=42 Y=09 11111111 11111111 11111111 11111111 0
X=43 Y=09 00000000 00000000 00000000 11111111 1
X=44 Y=09 11111111 11111111 11111111 11111111 0
X=45 Y=09 11111111 11111111 11111111 11111111 0
X=46 Y=09 11111111 11111111 11111111 11111111 0
X=47 Y=09 11111111 11111111 11111111 11111111 0
X=48 Y=09 11111111 11111111 11111111 11111111 0
X=49 Y=09 00000000 00000000 00000000 11111111 1
X=50 Y=09 11111111 11111111 11111111 11111111 0
X=51 Y=09 11111111 11111111 11111111 11111111 0
X=52 Y=09 11111111 11111111 11111111 11111111 0
X=53 Y=09 00000000 00000000 00000000 11111111 1
X=54 Y=09 11111111 11111111 11111111 11111111 0
X=55 Y=09 11111111 11111111 11111111 11111111 0
X=56 Y=09 11111111 11111111 11111111 11111111 0
X=57 Y=09 00000000 00000000 00000000 11111111 1
X=58 Y=09 11111111 11111111 11111111 11111111 0
X=59 Y=09 11111111 11111111 11111111 11111111 0
X=60 Y=09 11111111 11111111 11111111 11111111 0
X=61 Y=09 00000000 00000000 00000000 11111111 1
X=62 Y=09 11111111 11111111 11111111 11111111 0
X=63 Y=09 11111111 11111111 11111111 11111111 0
X=00 Y=10 11111111 11111111 11111111 11111111 0
X=01 Y=10 00000000 00000000 00000000 11111111 1
X=02 Y=10 11111111 11111111 11111111 11111111 0
X=03 Y=10 11111111 11111111 11111111 11111111 0
X=04 Y=10 11111111 11111111 11111111 11111111 0
X=05 Y=10 00000000 00000000 00000000 11111111 1
X=06 Y=10 11111111 11111111 11111111 11111111 0
X=07 Y=10 11111111 11111111 11111111 11111111 0
X=08 Y=10 11111111 11111111 11111111 11111111 0
X=09 Y=10 00000000 00000000 00000000 11111111 1
X=10 Y=10 11111111 11111111 11111111 11111111 0
X=11 Y=10 11111111 11111111 11111111 11111111 0
X=12 Y=10 11111111 11111111 11111111 11111111 0
X=13 Y=10 00000000 00000000 00000000 11111111 1
X=14 Y=10 11111111 11111111 11111111 11111111 0
X=15 Y=10 11111111 11111111 11111111 11111111 0
X=16 Y=10 11111111 11111111 11111111 11111111 0
X=17 Y=10 00000000 00000000 00000000 11111111 1
X=18 Y=10 11111111 11111111 11111111 11111111 0
X=19 Y=10 11111111 11111111 11111111 11111111 0
X=20 Y=10 11111111 11111111 11111111 11111111 0
X=21 Y=10 11111111 11111111 11111111 11111111 0
X=22 Y=10 11111111 11111111 11111111 11111111 0
X=23 Y=10 11111111 11111111 11111111 11111111 0
X=24 Y=10 11111111 11111111 11111111 11111111 0
X=25 Y=10 00000000 00000000 00000000 11111111 1
X=26 Y=10 11111111 11111111 11111111 11111111 0
X=27 Y=10 11111111 11111111 11111111 11111111 0
X=28 Y=10 11111111 11111111 11111111 11111111 0
X=29 Y=10 11111111 11111111 11111111 11111111 0
X=30 Y=10 11111111 11111111 11111111 11111111 0
X=31 Y=10 11111111 11111111 11111111 11111111 0
X=32 Y=10 11111111 11111111 11111111 11111111 0
X=33 Y=10 11111111 11111111 11111111 11111111 0
X=34 Y=10 11111111 11111111 11111111 11111111 0
X=35 Y=10 11111111 11111111 11111111 11111111 0
X=36 Y=10 11111111 11111111 11111111 11111111 0
X=37 Y=10 11111111 11111111 11111111 11111111 0
X=38 Y=10 11111111 11111111 11111111 11111111 0
X=39 Y=10 11111111 11111111 11111111 11111111 0
X=40 Y=10 11111111 11111111 11111111 11111111 0
X=41 Y=10 11111111 11111111 11111111 11111111 0
X=42 Y=10 11111111 11111111 11111111 11111111 0
X=43 Y=10 00000000 00000000 00000000 11111111 1
X=44 Y=10 11111111 11111111 11111111 11111111 0
X=45 Y=10 11111111 11111111 11111111 11111111 0
X=46 Y=10 11111111 11111111 11111111 11111111 0
X=47 Y=10 11111111 11111111 11111111 11111111 0
X=48 Y=10 11111111 11111111 11111111 11111111 0
X=49 Y=10 00000000 00000000 00000000 11111111 1
X=50 Y=10 11111111 11111111 11111111 11111111 0
X=51 Y=10 11111111 11111111 11111111 11111111 0
X=52 Y=10 11111111 11111111 11111111 11111111 0
X=53 Y=10 00000000 00000000 00000000 11111111 1
X=54 Y=10 11111111 11111111 11111111 11111111 0
X=55 Y=10 11111111 11111111 11111111 11111111 0
X=56 Y=10 11111111 11111111 11111111 11111111 0
X=57 Y=10 00000000 00000000 00000000 11111111 1
X=58 Y=10 11111111 11111111 11111111 11111111 0
X=59 Y=10 11111111 11111111 11111111 11111111 0
X=60 Y=10 11111111 11111111 11111111 11111111 0
X=61 Y=10 00000000 00000000 00000000 11111111 1
X=62 Y=10 11111111 11111111 11111111 11111111 0
X=63 Y=10 11111111 11111111 11111111 11111111 0
X=00 Y=11 11111111 11111111 11111111 11111111 0
X=01 Y=11 00000000 00000000 00000000 11111111 1
X=02 Y=11 00000000 00000000 00000000 11111111 1
X=03 Y=11 00000000 00000000 00000000 11111111 1
X=04 Y=11 00000000 00000000 00000000 11111111 1
X=05 Y=11 11111111 11111111 11111111 11111111 0
X=06 Y=11 11111111 11111111 11111111 11111111 0
X=07 Y=11 11111111 11111111 11111111 11111111 0
X=08 Y=11 11111111 11111111 11111111 11111111 0
X=09 Y=11 00000000 00000000 00000000 11111111 1
X=10 Y=11 00000000 00000000 00000000 11111111 1
X=11 Y=11 00000000 00000000 00000000 11111111 1
X=12 Y=11 00000000 00000000 00000000 11111111 1
X=13 Y=11 00000000 00000000 00000000 11111111 1
X=14 Y=11 11111111 11111111 11111111 11111111 0
X=15 Y=11 11111111 11111111 11111111 11111111 0
X=16 Y=11 11111111 11111111 11111111 11111111 0
X=17 Y=11 00000000 00000000 00000000 11111111 1
X=18 Y=11 11111111 11111111 11111111 11111111 0
X=19 Y=11 00000000 00000000 00000000 11111111 1
X=20 Y=11 00000000 00000000 00000000 11111111 1
X=21 Y=11 00000000 00000000 00000000 11111111 1
X=22 Y=11 11111111 11111111 11111111 11111111 0
X=23 Y=11 11111111 11111111 11111111 11111111 0
X=24 Y=11 11111111 11111111 11111111 11111111 0
X=25 Y=11 00000000 00000000 00000000 11111111 1
X=26 Y=11 00000000 00000000 00000000 11111111 1
X=27 Y=11 00000000 00000000 00000000 11111111 1
X=28 Y=11 00000000 00000000 00000000 11111111 1
X=29 Y=11 11111111 11111111 11111111 11111111 0
X=30 Y=11 11111111 11111111 11111111 11111111 0
X=31 Y=11 11111111 11111111 11111111 11111111 0
X=32 Y=11 11111111 11111111 11111111 11111111 0
X=33 Y=11 11111111 11111111 11111111 11111111 0
X=34 Y=11 11111111 11111111 11111111 11111111 0
X=35 Y=11 11111111 11111111 11111111 11111111 0
X=36 Y=11 11111111 11111111 11111111 11111111 0
X=37 Y=11 11111111 11111111 11111111 11111111 0
X=38 Y=11 11111111 11111111 11111111 11111111 0
X=39 Y=11 11111111 11111111 11111111 11111111 0
X=40 Y=11 11111111 11111111 11111111 11111111 0
X=41 Y=11 11111111 11111111 11111111 11111111 0
X=42 Y=11 11111111 11111111 11111111 11111111 0
X=43 Y=11 00000000 00000000 00000000 11111111 1
X=44 Y=11 11111111 11111111 11111111 11111111 0
X=45 Y=11 11111111 11111111 11111111 11111111 0
X=46 Y=11 11111111 11111111 11111111 11111111 0
X=47 Y=11 11111111 11111111 11111111 11111111 0
X=48 Y=11 11111111 11111111 11111111 11111111 0
X=49 Y=11 00000000 00000000 00000000 11111111 1
X=50 Y=11 11111111 11111111 11111111 11111111 0
X=51 Y=11 00000000 00000000 00000000 11111111 1
X=52 Y=11 11111111 11111111 11111111 11111111 0
X=53 Y=11 00000000 00000000 00000000 11111111 1
X=54 Y=11 11111111 11111111 11111111 11111111 0
X=55 Y=11 11111111 11111111 11111111 11111111 0
X=56 Y=11 11111111 11111111 11111111 11111111 0
X=57 Y=11 00000000 00000000 00000000 11111111 1
X=58 Y=11 11111111 11111111 11111111 11111111 0
X=59 Y=11 11111111 11111111 11111111 11111111 0
X=60 Y=11 11111111 11111111 11111111 11111111 0
X=61 Y=11 00000000 00000000 00000000 11111111 1
X=62 Y=11 11111111 11111111 11111111 11111111 0
X=63 Y=11 11111111 11111111 11111111 11111111 0
X=00 Y=12 11111111 11111111 11111111 11111111 0
X=01 Y=12 00000000 00000000 00000000 11111111 1
X=02 Y=12 11111111 11111111 11111111 11111111 0
X=03 Y=12 11111111 11111111 11111111 11111111 0
X=04 Y=12 11111111 11111111 11111111 11111111 0
X=05 Y=12 11111111 11111111 11111111 11111111 0
X=06 Y=12 11111111 11111111 11111111 11111111 0
X=07 Y=12 11111111 11111111 11111111 11111111 0
X=08 Y=12 11111111 11111111 11111111 11111111 0
X=09 Y=12 00000000 00000000 00000000 11111111 1
X=10 Y=12 11111111 11111111 11111111 11111111 0
X=11 Y=12 11111111 11111111 11111111 11111111 0
X=12 Y=12 11111111 11111111 11111111 11111111 0
X=13 Y=12 00000000 00000000 00000000 11111111 1
X=14 Y=12 11111111 11111111 11111111 11111111 0
X=15 Y=12 11111111 11111111 11111111 11111111 0
X=16 Y=12 11111111 11111111 11111111 11111111 0
X=17 Y=12 00000000 00000000 00000000 11111111 1
X=18 Y=12 11111111 11111111 11111111 11111111 0
X=19 Y=12 11111111 11111111 11111111 11111111 0
X=20 Y=12 11111111 11111111 11111111 11111111 0
X=21 Y=12 00000000 00000000 00000000 11111111 1
X=22 Y=12 11111111 11111111 11111111 11111111 0
X=23 Y=12 11111111 11111111 11111111 11111111 0
X=24 Y=12 11111111 11111111 11111111 11111111 0
X=25 Y=12 00000000 00000000 00000000 11111111 1
X=26 Y=12 11111111 11111111 11111111 11111111 0
X=27 Y=12 11111111 11111111 11111111 11111111 0
X=28 Y=12 11111111 11111111 11111111 11111111 0
X=29 Y=12 11111111 11111111 11111111 11111111 0
X=30 Y=12 11111111 11111111 11111111 11111111 0
X=31 Y=12 11111111 11111111 11111111 11111111 0
X=32 Y=12 11111111 11111111 11111111 11111111 0
X=33 Y=12 11111111 11111111 11111111 11111111 0
X=34 Y=12 11111111 11111111 11111111 11111111 0
X=35 Y=12 11111111 11111111 11111111 11111111 0
X=36 Y=12 11111111 11111111 11111111 11111111 0
X=37 Y=12 11111111 11111111 11111111 11111111 0
X=38 Y=12 11111111 11111111 11111111 11111111 0
X=39 Y=12 11111111 11111111 11111111 11111111 0
X=40 Y=12 11111111 11111111 11111111 11111111 0
X=41 Y=12 11111111 11111111 11111111 11111111 0
X=42 Y=12 11111111 11111111 11111111 11111111 0
X=43 Y=12 00000000 00000000 00000000 11111111 1
X=44 Y=12 11111111 11111111 11111111 11111111 0
X=45 Y=12 11111111 11111111 11111111 11111111 0
X=46 Y=12 11111111 11111111 11111111 11111111 0
X=47 Y=12 11111111 11111111 11111111 11111111 0
X=48 Y=12 11111111 11111111 11111111 11111111 0
X=49 Y=12 00000000 00000000 00000000 11111111 1
X=50 Y=12 11111111 11111111 11111111 11111111 0
X=51 Y=12 00000000 00000000 00000000 11111111 1
X=52 Y=12 11111111 11111111 11111111 11111111 0
X=53 Y=12 00000000 00000000 00000000 11111111 1
X=54 Y=12 11111111 11111111 11111111 11111111 0
X=55 Y=12 11111111 11111111 11111111 11111111 0
X=56 Y=12 11111111 11111111 11111111 11111111 0
X=57 Y=12 00000000 00000000 00000000 11111111 1
X=58 Y=12 11111111 11111111 11111111 11111111 0
X=59 Y=12 11111111 11111111 11111111 11111111 0
X=60 Y=12 11111111 11111111 11111111 11111111 0
X=61 Y=12 00000000 00000000 00000000 11111111 1
X=62 Y=12 11111111 11111111 11111111 11111111 0
X=63 Y=12 11111111 11111111 11111111 11111111 0
X=00 Y=13 11111111 11111111 11111111 11111111 0
X=01 Y=13 00000000 00000000 00000000 11111111 1
X=02 Y=13 11111111 11111111 11111111 11111111 0
X=03 Y=13 11111111 11111111 11111111 11111111 0
X=04 Y=13 11111111 11111111 11111111 11111111 0
X=05 Y=13 11111111 11111111 11111111 11111111 0
X=06 Y=13 11111111 11111111 11111111 11111111 0
X=07 Y=13 11111111 11111111 11111111 11111111 0
X=08 Y=13 11111111 11111111 11111111 11111111 0
X=09 Y=13 00000000 00000000 00000000 11111111 1
X=10 Y=13 11111111 11111111 11111111 11111111 0
X=11 Y=13 11111111 11111111 11111111 11111111 0
X=12 Y=13 11111111 11111111 11111111 11111111 0
X=13 Y=13 00000000 00000000 00000000 11111111 1
X=14 Y=13 11111111 11111111 11111111 11111111 0
X=15 Y=13 11111111 11111111 11111111 11111111 0
X=16 Y=13 11111111 11111111 11111111 11111111 0
X=17 Y=13 00000000 00000000 00000000 11111111 1
X=18 Y=13 11111111 11111111 11111111 11111111 0
X=19 Y=13 11111111 11111111 11111111 11111111 0
X=20 Y=13 11111111 11111111 11111111 11111111 0
X=21 Y=13 00000000 00000000 00000000 11111111 1
X=22 Y=13 11111111 11111111 11111111 11111111 0
X=23 Y=13 11111111 11111111 11111111 11111111 0
X=24 Y=13 11111111 11111111 11111111 11111111 0
X=25 Y=13 00000000 00000000 00000000 11111111 1
X=26 Y=13 11111111 11111111 11111111 11111111 0
X=27 Y=13 11111111 11111111 11111111 11111111 0
X=28 Y=13 11111111 11111111 11111111 11111111 0
X=29 Y=13 11111111 11111111 11111111 11111111 0
X=30 Y=13 11111111 11111111 11111111 11111111 0
X=31 Y=13 11111111 11111111 11111111 11111111 0
X=32 Y=13 11111111 11111111 11111111 11111111 0
X=33 Y=13 11111111 11111111 11111111 11111111 0
X=34 Y=13 11111111 11111111 11111111 11111111 0
X=35 Y=13 11111111 11111111 11111111 11111111 0
X=36 Y=13 11111111 11111111 11111111 11111111 0
X=37 Y=13 11111111 11111111 11111111 11111111 0
X=38 Y=13 11111111 11111111 11111111 11111111 0
X=39 Y=13 11111111 11111111 11111111 11111111 0
X=40 Y=13 11111111 11111111 11111111 11111111 0
X=41 Y=13 11111111 11111111 11111111 11111111 0
X=42 Y=13 11111111 11111111 11111111 11111111 0
X=43 Y=13 00000000 00000000 00000000 11111111 1
X=44 Y=13 11111111 11111111 11111111 11111111 0
X=45 Y=13 11111111 11111111 11111111 11111111 0
X=46 Y=13 11111111 11111111 11111111 11111111 0
X=47 Y=13 11111111 11111111 11111111 11111111 0
X=48 Y=13 11111111 11111111 11111111 11111111 0
X=49 Y=13 00000000 00000000 00000000 11111111 1
X=50 Y=13 11111111 11111111 11111111 11111111 0
X=51 Y=13 00000000 00000000 00000000 11111111 1
X=52 Y=13 11111111 11111111 11111111 11111111 0
X=53 Y=13 00000000 00000000 00000000 11111111 1
X=54 Y=13 11111111 11111111 11111111 11111111 0
X=55 Y=13 11111111 11111111 11111111 11111111 0
X=56 Y=13 11111111 11111111 11111111 11111111 0
X=57 Y=13 00000000 00000000 00000000 11111111 1
X=58 Y=13 11111111 11111111 11111111 11111111 0
X=59 Y=13 11111111 11111111 11111111 11111111 0
X=60 Y=13 11111111 11111111 11111111 11111111 0
X=61 Y=13 00000000 00000000 00000000 11111111 1
X=62 Y=13 11111111 11111111 11111111 11111111 0
X=63 Y=13 11111111 11111111 11111111 11111111 0
X=00 Y=14 11111111 11111111 11111111 11111111 0
X=01 Y=14 00000000 00000000 00000000 11111111 1
X=02 Y=14 11111111 11111111 11111111 11111111 0
X=03 Y=14 11111111 11111111 11111111 11111111 0
X=04 Y=14 11111111 11111111 11111111 11111111 0
X=05 Y=14 11111111 11111111 11111111 11111111 0
X=06 Y=14 11111111 11111111 11111111 11111111 0
X=07 Y=14 11111111 11111111 11111111 11111111 0
X=08 Y=14 11111111 11111111 11111111 11111111 0
X=09 Y=14 00000000 00000000 00000000 11111111 1
X=10 Y=14 11111111 11111111 11111111 11111111 0
X=11 Y=14 11111111 11111111 11111111 11111111 0
X=12 Y=14 11111111 11111111 11111111 11111111 0
X=13 Y=14 00000000 00000000 00000000 11111111 1
X=14 Y=14 11111111 11111111 11111111 11111111 0
X=15 Y=14 11111111 11111111 11111111 11111111 0
X=16 Y=14 11111111 11111111 11111111 11111111 0
X=17 Y=14 11111111 11111111 11111111 11111111 0
X=18 Y=14 00000000 00000000 00000000 11111111 1
X=19 Y=14 00000000 00000000 00000000 11111111 1
X=20 Y=14 00000000 00000000 00000000 11111111 1
X=21 Y=14 00000000 00000000 00000000 11111111 1
X=22 Y=14 11111111 11111111 11111111 11111111 0
X=23 Y=14 11111111 11111111 11111111 11111111 0
X=24 Y=14 11111111 11111111 11111111 11111111 0
X=25 Y=14 00000000 00000000 00000000 11111111 1
X=26 Y=14 00000000 00000000 00000000 11111111 1
X=27 Y=14 00000000 00000000 00000000 11111111 1
X=28 Y=14 00000000 00000000 00000000 11111111 1
X=29 Y=14 00000000 00000000 00000000 11111111 1
X=30 Y=14 11111111 11111111 11111111 11111111 0
X=31 Y=14 11111111 11111111 11111111 11111111 0
X=32 Y=14 11111111 11111111 11111111 11111111 0
X=33 Y=14 11111111 11111111 11111111 11111111 0
X=34 Y=14 11111111 11111111 11111111 11111111 0
X=35 Y=14 11111111 11111111 11111111 11111111 0
X=36 Y=14 11111111 11111111 11111111 11111111 0
X=37 Y=14 11111111 11111111 11111111 11111111 0
X=38 Y=14 11111111 11111111 11111111 11111111 0
X=39 Y=14 11111111 11111111 11111111 11111111 0
X=40 Y=14 11111111 11111111 11111111 11111111 0
X=41 Y=14 11111111 11111111 11111111 11111111 0
X=42 Y=14 11111111 11111111 11111111 11111111 0
X=43 Y=14 00000000 00000000 00000000 11111111 1
X=44 Y=14 11111111 11111111 11111111 11111111 0
X=45 Y=14 11111111 11111111 11111111 11111111 0
X=46 Y=14 11111111 11111111 11111111 11111111 0
X=47 Y=14 11111111 11111111 11111111 11111111 0
X=48 Y=14 11111111 11111111 11111111 11111111 0
X=49 Y=14 11111111 11111111 11111111 11111111 0
X=50 Y=14 00000000 00000000 00000000 11111111 1
X=51 Y=14 11111111 11111111 11111111 11111111 0
X=52 Y=14 00000000 00000000 00000000 11111111 1
X=53 Y=14 11111111 11111111 11111111 11111111 0
X=54 Y=14 11111111 11111111 11111111 11111111 0
X=55 Y=14 11111111 11111111 11111111 11111111 0
X=56 Y=14 11111111 11111111 11111111 11111111 0
X=57 Y=14 11111111 11111111 11111111 11111111 0
X=58 Y=14 00000000 00000000 00000000 11111111 1
X=59 Y=14 00000000 00000000 00000000 11111111 1
X=60 Y=14 00000000 00000000 00000000 11111111 1
X=61 Y=14 11111111 11111111 11111111 11111111 0
X=62 Y=14 11111111 11111111 11111111 11111111 0
X=63 Y=14 11111111 11111111 11111111 11111111 0
X=00 Y=15 11111111 11111111 11111111 11111111 0
X=01 Y=15 11111111 11111111 11111111 11111111 0
X=02 Y=15 11111111 11111111 11111111 11111111 0
X=03 Y=15 11111111 11111111 11111111 11111111 0
X=04 Y=15 11111111 11111111 11111111 11111111 0
X=05 Y=15 11111111 11111111 11111111 11111111 0
X=06 Y=15 11111111 11111111 11111111 11111111 0
X=07 Y=15 11111111 11111111 11111111 11111111 0
X=08 Y=15 11111111 11111111 11111111 11111111 0
X=09 Y=15 11111111 11111111 11111111 11111111 0
X=10 Y=15 11111111 11111111 11111111 11111111 0
X=11 Y=15 11111111 11111111 11111111 11111111 0
X=12 Y=15 11111111 11111111 11111111 11111111 0
X=13 Y=15 11111111 11111111 11111111 11111111 0
X=14 Y=15 11111111 11111111 11111111 11111111 0
X=15 Y=15 11111111 11111111 11111111 11111111 0
X=16 Y=15 11111111 11111111 11111111 11111111 0
X=17 Y=15 11111111 11111111 11111111 11111111 0
X=18 Y=15 11111111 11111111 11111111 11111111 0
X=19 Y=15 11111111 11111111 11111111 11111111 0
X=20 Y=15 11111111 11111111 11111111 11111111 0
X=21 Y=15 11111111 11111111 11111111 11111111 0
X=22 Y=15 11111111 11111111 11111111 11111111 0
X=23 Y=15 11111111 11111111 11111111 11111111 0
X=24 Y=15 11111111 11111111 11111111 11111111 0
X=25 Y=15 11111111 11111111 11111111 11111111 0
X=26 Y=15 11111111 11111111 11111111 11111111 0
X=27 Y=15 11111111 11111111 11111111 11111111 0
X=28 Y=15 11111111 11111111 11111111 11111111 0
X=29 Y=15 11111111 11111111 11111111 11111111 0
X=30 Y=15 11111111 11111111 11111111 11111111 0
X=31 Y=15 11111111 11111111 11111111 11111111 0
X=32 Y=15 11111111 11111111 11111111 11111111 0
X=33 Y=15 11111111 11111111 11111111 11111111 0
X=34 Y=15 11111111 11111111 11111111 11111111 0
X=35 Y=15 11111111 11111111 11111111 11111111 0
X=36 Y=15 11111111 11111111 11111111 11111111 0
X=37 Y=15 11111111 11111111 11111111 11111111 0
X=38 Y=15 11111111 11111111 11111111 11111111 0
X=39 Y=15 11111111 11111111 11111111 11111111 0
X=40 Y=15 11111111 11111111 11111111 11111111 0
X=41 Y=15 11111111 11111111 11111111 11111111 0
X=42 Y=15 11111111 11111111 11111111 11111111 0
X=43 Y=15 11111111 11111111 11111111 11111111 0
X=44 Y=15 11111111 11111111 11111111 11111111 0
X=45 Y=15 11111111 11111111 11111111 11111111 0
X=46 Y=15 11111111 11111111 11111111 11111111 0
X=47 Y=15 11111111 11111111 11111111 11111111 0
X=48 Y=15 11111111 11111111 11111111 11111111 0
X=49 Y=15 11111111 11111111 11111111 11111111 0
X=50 Y=15 11111111 11111111 11111111 11111111 0
X=51 Y=15 11111111 11111111 11111111 11111111 0
X=52 Y=15 11111111 11111111 11111111 11111111 0
X=53 Y=15 11111111 11111111 11111111 11111111 0
X=54 Y=15 11111111 11111111 11111111 11111111 0
X=55 Y=15 11111111 11111111 11111111 11111111 0
X=56 Y=15 11111111 11111111 11111111 11111111 0
X=57 Y=15 11111111 11111111 11111111 11111111 0
X=58 Y=15 11111111 11111111 11111111 11111111 0
X=59 Y=15 11111111 11111111 11111111 11111111 0
X=60 Y=15 11111111 11111111 11111111 11111111 0
X=61 Y=15 11111111 11111111 11111111 11111111 0
X=62 Y=15 11111111 11111111 11111111 11111111 0
X=63 Y=15 11111111 11111111 11111111 11111111 0
X=00 Y=16 11111111 11111111 11111111 11111111 0
X=01 Y=16 11111111 11111111 11111111 11111111 0
X=02 Y=16 11111111 11111111 11111111 11111111 0
X=03 Y=16 11111111 11111111 11111111 11111111 0
X=04 Y=16 11111111 11111111 11111111 11111111 0
X=05 Y=16 00000000 00000000 00000000 11111111 1
X=06 Y=16 00000000 00000000 00000000 11111111 1
X=07 Y=16 00000000 00000000 00000000 11111111 1
X=08 Y=16 00000000 00000000 00000000 11111111 1
X=09 Y=16 11111111 11111111 11111111 11111111 0
X=10 Y=16 11111111 11111111 11111111 11111111 0
X=11 Y=16 11111111 11111111 11111111 11111111 0
X=12 Y=16 11111111 11111111 11111111 11111111 0
X=13 Y=16 00000000 00000000 00000000 11111111 1
X=14 Y=16 00000000 00000000 00000000 11111111 1
X=15 Y=16 00000000 00000000 00000000 11111111 1
X=16 Y=16 00000000 00000000 00000000 11111111 1
X=17 Y=16 00000000 00000000 00000000 11111111 1
X=18 Y=16 11111111 11111111 11111111 11111111 0
X=19 Y=16 11111111 11111111 11111111 11111111 0
X=20 Y=16 11111111 11111111 11111111 11111111 0
X=21 Y=16 00000000 00000000 00000000 11111111 1
X=22 Y=16 00000000 00000000 00000000 11111111 1
X=23 Y=16 00000000 00000000 00000000 11111111 1
X=24 Y=16 00000000 00000000 00000000 11111111 1
X=25 Y=16 11111111 11111111 11111111 11111111 0
X=26 Y=16 11111111 11111111 11111111 11111111 0
X=27 Y=16 11111111 11111111 11111111 11111111 0
X=28 Y=16 11111111 11111111 11111111 11111111 0
X=29 Y=16 11111111 11111111 11111111 11111111 0
X=30 Y=16 00000000 00000000 00000000 11111111 1
X=31 Y=16 00000000 00000000 00000000 11111111 1
X=32 Y=16 00000000 00000000 00000000 11111111 1
X=33 Y=16 11111111 11111111 11111111 11111111 0
X=34 Y=16 11111111 11111111 11111111 11111111 0
X=35 Y=16 11111111 11111111 11111111 11111111 0
X=36 Y=16 11111111 11111111 11111111 11111111 0
X=37 Y=16 11111111 11111111 11111111 11111111 0
X=38 Y=16 00000000 00000000 00000000 11111111 1
X=39 Y=16 00000000 00000000 00000000 11111111 1
X=40 Y=16 00000000 00000000 00000000 11111111 1
X=41 Y=16 00000000 00000000 00000000 11111111 1
X=42 Y=16 11111111 11111111 11111111 11111111 0
X=43 Y=16 11111111 11111111 11111111 11111111 0
X=44 Y=16 11111111 11111111 11111111 11111111 0
X=45 Y=16 00000000 00000000 00000000 11111111 1
X=46 Y=16 00000000 00000000 00000000 11111111 1
X=47 Y=16 00000000 00000000 00000000 11111111 1
X=48 Y=16 00000000 00000000 00000000 11111111 1
X=49 Y=16 00000000 00000000 00000000 11111111 1
X=50 Y=16 11111111 11111111 11111111 11111111 0
X=51 Y=16 11111111 11111111 11111111 11111111 0
X=52 Y=16 11111111 11111111 11111111 11111111 0
X=53 Y=16 00000000 00000000 00000000 11111111 1
X=54 Y=16 00000000 00000000 00000000 11111111 1
X=55 Y=16 00000000 00000000 00000000 11111111 1
X=56 Y=16 00000000 00000000 00000000 11111111 1
X=57 Y=16 00000000 00000000 00000000 11111111 1
X=58 Y=16 11111111 11111111 11111111 11111111 0
X=59 Y=16 11111111 11111111 11111111 11111111 0
X=60 Y=16 11111111 11111111 11111111 11111111 0
X=61 Y=16 11111111 11111111 11111111 11111111 0
X=62 Y=16 11111111 11111111 11111111 11111111 0
X=63 Y=16 11111111 11111111 11111111 11111111 0
X=00 Y=17 11111111 11111111 11111111 11111111 0
X=01 Y=17 11111111 11111111 11111111 11111111 0
X=02 Y=17 11111111 11111111 11111111 11111111 0
X=03 Y=17 11111111 11111111 11111111 11111111 0
X=04 Y=17 11111111 11111111 11111111 11111111 0
X=05 Y=17 00000000 00000000 00000000 11111111 1
X=06 Y=17 11111111 11111111 11111111 11111111 0
X=07 Y=17 11111111 11111111 11111111 11111111 0
X=08 Y=17 11111111 11111111 11111111 11111111 0
X=09 Y=17 00000000 00000000 00000000 11111111 1
X=10 Y=17 11111111 11111111 11111111 11111111 0
X=11 Y=17 11111111 11111111 11111111 11111111 0
X=12 Y=17 11111111 11111111 11111111 11111111 0
X=13 Y=17 00000000 00000000 00000000 11111111 1
X=14 Y=17 11111111 11111111 11111111 11111111 0
X=15 Y=17 11111111 11111111 11111111 11111111 0
X=16 Y=17 11111111 11111111 11111111 11111111 0
X=17 Y=17 11111111 11111111 11111111 11111111 0
X=18 Y=17 11111111 11111111 11111111 11111111 0
X=19 Y=17 11111111 11111111 11111111 11111111 0
X=20 Y=17 11111111 11111111 11111111 11111111 0
X=21 Y=17 00000000 00000000 00000000 11111111 1
X=22 Y=17 11111111 11111111 11111111 11111111 0
X=23 Y=17 11111111 11111111 11111111 11111111 0
X=24 Y=17 11111111 11111111 11111111 11111111 0
X=25 Y=17 00000000 00000000 00000000 11111111 1
X=26 Y=17 11111111 11111111 11111111 11111111 0
X=27 Y=17 11111111 11111111 11111111 11111111 0
X=28 Y=17 11111111 11111111 11111111 11111111 0
X=29 Y=17 00000000 00000000 00000000 11111111 1
X=30 Y=17 11111111 11111111 11111111 11111111 0
X=31 Y=17 11111111 11111111 11111111 11111111 0
X=32 Y=17 11111111 11111111 11111111 11111111 0
X=33 Y=17 00000000 00000000 00000000 11111111 1
X=34 Y=17 11111111 11111111 11111111 11111111 0
X=35 Y=17 11111111 11111111 11111111 11111111 0
X=36 Y=17 11111111 11111111 11111111 11111111 0
X=37 Y=17 00000000 00000000 00000000 11111111 1
X=38 Y=17 11111111 11111111 11111111 11111111 0
X=39 Y=17 11111111 11111111 11111111 11111111 0
X=40 Y=17 11111111 11111111 11111111 11111111 0
X=41 Y=17 11111111 11111111 11111111 11111111 0
X=42 Y=17 11111111 11111111 11111111 11111111 0
X=43 Y=17 11111111 11111111 11111111 11111111 0
X=44 Y=17 11111111 11111111 11111111 11111111 0
X=45 Y=17 11111111 11111111 11111111 11111111 0
X=46 Y=17 11111111 11111111 11111111 11111111 0
X=47 Y=17 00000000 00000000 00000000 11111111 1
X=48 Y=17 11111111 11111111 11111111 11111111 0
X=49 Y=17 11111111 11111111 11111111 11111111 0
X=50 Y=17 11111111 11111111 11111111 11111111 0
X=51 Y=17 11111111 11111111 11111111 11111111 0
X=52 Y=17 11111111 11111111 11111111 11111111 0
X=53 Y=17 11111111 11111111 11111111 11111111 0
X=54 Y=17 11111111 11111111 11111111 11111111 0
X=55 Y=17 00000000 00000000 00000000 11111111 1
X=56 Y=17 11111111 11111111 11111111 11111111 0
X=57 Y=17 11111111 11111111 11111111 11111111 0
X=58 Y=17 11111111 11111111 11111111 11111111 0
X=59 Y=17 11111111 11111111 11111111 11111111 0
X=60 Y=17 11111111 11111111 11111111 11111111 0
X=61 Y=17 11111111 11111111 11111111 11111111 0
X=62 Y=17 11111111 11111111 11111111 11111111 0
X=63 Y=17 11111111 11111111 11111111 11111111 0
X=00 Y=18 11111111 11111111 11111111 11111111 0
X=01 Y=18 11111111 11111111 11111111 11111111 0
X=02 Y=18 11111111 11111111 11111111 11111111 0
X=03 Y=18 11111111 11111111 11111111 11111111 0
X=04 Y=18 11111111 11111111 11111111 11111111 0
X=05 Y=18 00000000 00000000 00000000 11111111 1
X=06 Y=18 11111111 11111111 11111111 11111111 0
X=07 Y=18 11111111 11111111 11111111 11111111 0
X=08 Y=18 11111111 11111111 11111111 11111111 0
X=09 Y=18 00000000 00000000 00000000 11111111 1
X=10 Y=18 11111111 11111111 11111111 11111111 0
X=11 Y=18 11111111 11111111 11111111 11111111 0
X=12 Y=18 11111111 11111111 11111111 11111111 0
X=13 Y=18 00000000 00000000 00000000 11111111 1
X=14 Y=18 11111111 11111111 11111111 11111111 0
X=15 Y=18 11111111 11111111 11111111 11111111 0
X=16 Y=18 11111111 11111111 11111111 11111111 0
X=17 Y=18 11111111 11111111 11111111 11111111 0
X=18 Y=18 11111111 11111111 11111111 11111111 0
X=19 Y=18 11111111 11111111 11111111 11111111 0
X=20 Y=18 11111111 11111111 11111111 11111111 0
X=21 Y=18 00000000 00000000 00000000 11111111 1
X=22 Y=18 11111111 11111111 11111111 11111111 0
X=23 Y=18 11111111 11111111 11111111 11111111 0
X=24 Y=18 11111111 11111111 11111111 11111111 0
X=25 Y=18 00000000 00000000 00000000 11111111 1
X=26 Y=18 11111111 11111111 11111111 11111111 0
X=27 Y=18 11111111 11111111 11111111 11111111 0
X=28 Y=18 11111111 11111111 11111111 11111111 0
X=29 Y=18 00000000 00000000 00000000 11111111 1
X=30 Y=18 11111111 11111111 11111111 11111111 0
X=31 Y=18 11111111 11111111 11111111 11111111 0
X=32 Y=18 11111111 11111111 11111111 11111111 0
X=33 Y=18 00000000 00000000 00000000 11111111 1
X=34 Y=18 11111111 11111111 11111111 11111111 0
X=35 Y=18 11111111 11111111 11111111 11111111 0
X=36 Y=18 11111111 11111111 11111111 11111111 0
X=37 Y=18 00000000 00000000 00000000 11111111 1
X=38 Y=18 11111111 11111111 11111111 11111111 0
X=39 Y=18 11111111 11111111 11111111 11111111 0
X=40 Y=18 11111111 11111111 11111111 11111111 0
X=41 Y=18 11111111 11111111 11111111 11111111 0
X=42 Y=18 11111111 11111111 11111111 11111111 0
X=43 Y=18 11111111 11111111 11111111 11111111 0
X=44 Y=18 11111111 11111111 11111111 11111111 0
X=45 Y=18 11111111 11111111 11111111 11111111 0
X=46 Y=18 11111111 11111111 11111111 11111111 0
X=47 Y=18 00000000 00000000 00000000 11111111 1
X=48 Y=18 11111111 11111111 11111111 11111111 0
X=49 Y=18 11111111 11111111 11111111 11111111 0
X=50 Y=18 11111111 11111111 11111111 11111111 0
X=51 Y=18 11111111 11111111 11111111 11111111 0
X=52 Y=18 11111111 11111111 11111111 11111111 0
X=53 Y=18 11111111 11111111 11111111 11111111 0
X=54 Y=18 11111111 11111111 11111111 11111111 0
X=55 Y=18 00000000 00000000 00000000 11111111 1
X=56 Y=18 11111111 11111111 11111111 11111111 0
X=57 Y=18 11111111 11111111 11111111 11111111 0
X=58 Y=18 11111111 11111111 11111111 11111111 0
X=59 Y=18 11111111 11111111 11111111 11111111 0
X=60 Y=18 11111111 11111111 11111111 11111111 0
X=61 Y=18 11111111 11111111 11111111 11111111 0
X=62 Y=18 11111111 11111111 11111111 11111111 0
X=63 Y=18 11111111 11111111 11111111 11111111 0
X=00 Y=19 11111111 11111111 11111111 11111111 0
X=01 Y=19 11111111 11111111 11111111 11111111 0
X=02 Y=19 11111111 11111111 11111111 11111111 0
X=03 Y=19 11111111 11111111 11111111 11111111 0
X=04 Y=19 11111111 11111111 11111111 11111111 0
X=05 Y=19 00000000 00000000 00000000 11111111 1
X=06 Y=19 11111111 11111111 11111111 11111111 0
X=07 Y=19 11111111 11111111 11111111 11111111 0
X=08 Y=19 11111111 11111111 11111111 11111111 0
X=09 Y=19 00000000 00000000 00000000 11111111 1
X=10 Y=19 11111111 11111111 11111111 11111111 0
X=11 Y=19 11111111 11111111 11111111 11111111 0
X=12 Y=19 11111111 11111111 11111111 11111111 0
X=13 Y=19 00000000 00000000 00000000 11111111 1
X=14 Y=19 00000000 00000000 00000000 11111111 1
X=15 Y=19 00000000 00000000 00000000 11111111 1
X=16 Y=19 00000000 00000000 00000000 11111111 1
X=17 Y=19 11111111 11111111 11111111 11111111 0
X=18 Y=19 11111111 11111111 11111111 11111111 0
X=19 Y=19 11111111 11111111 11111111 11111111 0
X=20 Y=19 11111111 11111111 11111111 11111111 0
X=21 Y=19 00000000 00000000 00000000 11111111 1
X=22 Y=19 00000000 00000000 00000000 11111111 1
X=23 Y=19 00000000 00000000 00000000 11111111 1
X=24 Y=19 00000000 00000000 00000000 11111111 1
X=25 Y=19 11111111 11111111 11111111 11111111 0
X=26 Y=19 11111111 11111111 11111111 11111111 0
X=27 Y=19 11111111 11111111 11111111 11111111 0
X=28 Y=19 11111111 11111111 11111111 11111111 0
X=29 Y=19 00000000 00000000 00000000 11111111 1
X=30 Y=19 11111111 11111111 11111111 11111111 0
X=31 Y=19 11111111 11111111 11111111 11111111 0
X=32 Y=19 11111111 11111111 11111111 11111111 0
X=33 Y=19 00000000 00000000 00000000 11111111 1
X=34 Y=19 11111111 11111111 11111111 11111111 0
X=35 Y=19 11111111 11111111 11111111 11111111 0
X=36 Y=19 11111111 11111111 11111111 11111111 0
X=37 Y=19 11111111 11111111 11111111 11111111 0
X=38 Y=19 00000000 00000000 00000000 11111111 1
X=39 Y=19 00000000 00000000 00000000 11111111 1
X=40 Y=19 00000000 00000000 00000000 11111111 1
X=41 Y=19 11111111 11111111 11111111 11111111 0
X=42 Y=19 11111111 11111111 11111111 11111111 0
X=43 Y=19 11111111 11111111 11111111 11111111 0
X=44 Y=19 11111111 11111111 11111111 11111111 0
X=45 Y=19 11111111 11111111 11111111 11111111 0
X=46 Y=19 11111111 11111111 11111111 11111111 0
X=47 Y=19 00000000 00000000 00000000 11111111 1
X=48 Y=19 11111111 11111111 11111111 11111111 0
X=49 Y=19 11111111 11111111 11111111 11111111 0
X=50 Y=19 11111111 11111111 11111111 11111111 0
X=51 Y=19 11111111 11111111 11111111 11111111 0
X=52 Y=19 11111111 11111111 11111111 11111111 0
X=53 Y=19 11111111 11111111 11111111 11111111 0
X=54 Y=19 11111111 11111111 11111111 11111111 0
X=55 Y=19 00000000 00000000 00000000 11111111 1
X=56 Y=19 11111111 11111111 11111111 11111111 0
X=57 Y=19 11111111 11111111 11111111 11111111 0
X=58 Y=19 11111111 11111111 11111111 11111111 0
X=59 Y=19 11111111 11111111 11111111 11111111 0
X=60 Y=19 11111111 11111111 11111111 11111111 0
X=61 Y=19 11111111 11111111 11111111 11111111 0
X=62 Y=19 11111111 11111111 11111111 11111111 0
X=63 Y=19 11111111 11111111 11111111 11111111 0
X=00 Y=20 11111111 11111111 11111111 11111111 0
X=01 Y=20 11111111 11111111 11111111 11111111 0
X=02 Y=20 11111111 11111111 11111111 11111111 0
X=03 Y=20 11111111 11111111 11111111 11111111 0
X=04 Y=20 11111111 11111111 11111111 11111111 0
X=05 Y=20 00000000 00000000 00000000 11111111 1
X=06 Y=20 11111111 11111111 11111111 11111111 0
X=07 Y=20 11111111 11111111 11111111 11111111 0
X=08 Y=20 11111111 11111111 11111111 11111111 0
X=09 Y=20 00000000 00000000 00000000 11111111 1
X=10 Y=20 11111111 11111111 11111111 11111111 0
X=11 Y=20 11111111 11111111 11111111 11111111 0
X=12 Y=20 11111111 11111111 11111111 11111111 0
X=13 Y=20 00000000 00000000 00000000 11111111 1
X=14 Y=20 11111111 11111111 11111111 11111111 0
X=15 Y=20 11111111 11111111 11111111 11111111 0
X=16 Y=20 11111111 11111111 11111111 11111111 0
X=17 Y=20 11111111 11111111 11111111 11111111 0
X=18 Y=20 11111111 11111111 11111111 11111111 0
X=19 Y=20 11111111 11111111 11111111 11111111 0
X=20 Y=20 11111111 11111111 11111111 11111111 0
X=21 Y=20 00000000 00000000 00000000 11111111 1
X=22 Y=20 11111111 11111111 11111111 11111111 0
X=23 Y=20 11111111 11111111 11111111 11111111 0
X=24 Y=20 11111111 11111111 11111111 11111111 0
X=25 Y=20 11111111 11111111 11111111 11111111 0
X=26 Y=20 11111111 11111111 11111111 11111111 0
X=27 Y=20 11111111 11111111 11111111 11111111 0
X=28 Y=20 11111111 11111111 11111111 11111111 0
X=29 Y=20 00000000 00000000 00000000 11111111 1
X=30 Y=20 11111111 11111111 11111111 11111111 0
X=31 Y=20 11111111 11111111 11111111 11111111 0
X=32 Y=20 11111111 11111111 11111111 11111111 0
X=33 Y=20 00000000 00000000 00000000 11111111 1
X=34 Y=20 11111111 11111111 11111111 11111111 0
X=35 Y=20 11111111 11111111 11111111 11111111 0
X=36 Y=20 11111111 11111111 11111111 11111111 0
X=37 Y=20 11111111 11111111 11111111 11111111 0
X=38 Y=20 11111111 11111111 11111111 11111111 0
X=39 Y=20 11111111 11111111 11111111 11111111 0
X=40 Y=20 11111111 11111111 11111111 11111111 0
X=41 Y=20 00000000 00000000 00000000 11111111 1
X=42 Y=20 11111111 11111111 11111111 11111111 0
X=43 Y=20 11111111 11111111 11111111 11111111 0
X=44 Y=20 11111111 11111111 11111111 11111111 0
X=45 Y=20 11111111 11111111 11111111 11111111 0
X=46 Y=20 11111111 11111111 11111111 11111111 0
X=47 Y=20 00000000 00000000 00000000 11111111 1
X=48 Y=20 11111111 11111111 11111111 11111111 0
X=49 Y=20 11111111 11111111 11111111 11111111 0
X=50 Y=20 11111111 11111111 11111111 11111111 0
X=51 Y=20 11111111 11111111 11111111 11111111 0
X=52 Y=20 11111111 11111111 11111111 11111111 0
X=53 Y=20 11111111 11111111 11111111 11111111 0
X=54 Y=20 11111111 11111111 11111111 11111111 0
X=55 Y=20 00000000 00000000 00000000 11111111 1
X=56 Y=20 11111111 11111111 11111111 11111111 0
X=57 Y=20 11111111 11111111 11111111 11111111 0
X=58 Y=20 11111111 11111111 11111111 11111111 0
X=59 Y=20 11111111 11111111 11111111 11111111 0
X=60 Y=20 11111111 11111111 11111111 11111111 0
X=61 Y=20 11111111 11111111 11111111 11111111 0
X=62 Y=20 11111111 11111111 11111111 11111111 0
X=63 Y=20 11111111 11111111 11111111 11111111 0
X=00 Y=21 11111111 11111111 11111111 11111111 0
X=01 Y=21 11111111 11111111 11111111 11111111 0
X=02 Y=21 11111111 11111111 11111111 11111111 0
X=03 Y=21 11111111 11111111 11111111 11111111 0
X=04 Y=21 11111111 11111111 11111111 11111111 0
X=05 Y=21 00000000 00000000 00000000 11111111 1
X=06 Y=21 11111111 11111111 11111111 11111111 0
X=07 Y=21 11111111 11111111 11111111 11111111 0
X=08 Y=21 11111111 11111111 11111111 11111111 0
X=09 Y=21 00000000 00000000 00000000 11111111 1
X=10 Y=21 11111111 11111111 11111111 11111111 0
X=11 Y=21 11111111 11111111 11111111 11111111 0
X=12 Y=21 11111111 11111111 11111111 11111111 0
X=13 Y=21 00000000 00000000 00000000 11111111 1
X=14 Y=21 11111111 11111111 11111111 11111111 0
X=15 Y=21 11111111 11111111 11111111 11111111 0
X=16 Y=21 11111111 11111111 11111111 11111111 0
X=17 Y=21 11111111 11111111 11111111 11111111 0
X=18 Y=21 11111111 11111111 11111111 11111111 0
X=19 Y=21 11111111 11111111 11111111 11111111 0
X=20 Y=21 11111111 11111111 11111111 11111111 0
X=21 Y=21 00000000 00000000 00000000 11111111 1
X=22 Y=21 11111111 11111111 11111111 11111111 0
X=23 Y=21 11111111 11111111 11111111 11111111 0
X=24 Y=21 11111111 11111111 11111111 11111111 0
X=25 Y=21 11111111 11111111 11111111 11111111 0
X=26 Y=21 11111111 11111111 11111111 11111111 0
X=27 Y=21 11111111 11111111 11111111 11111111 0
X=28 Y=21 11111111 11111111 11111111 11111111 0
X=29 Y=21 00000000 00000000 00000000 11111111 1
X=30 Y=21 11111111 11111111 11111111 11111111 0
X=31 Y=21 11111111 11111111 11111111 11111111 0
X=32 Y=21 11111111 11111111 11111111 11111111 0
X=33 Y=21 00000000 00000000 00000000 11111111 1
X=34 Y=21 11111111 11111111 11111111 11111111 0
X=35 Y=21 11111111 11111111 11111111 11111111 0
X=36 Y=21 11111111 11111111 11111111 11111111 0
X=37 Y=21 11111111 11111111 11111111 11111111 0
X=38 Y=21 11111111 11111111 11111111 11111111 0
X=39 Y=21 11111111 11111111 11111111 11111111 0
X=40 Y=21 11111111 11111111 11111111 11111111 0
X=41 Y=21 00000000 00000000 00000000 11111111 1
X=42 Y=21 11111111 11111111 11111111 11111111 0
X=43 Y=21 11111111 11111111 11111111 11111111 0
X=44 Y=21 11111111 11111111 11111111 11111111 0
X=45 Y=21 11111111 11111111 11111111 11111111 0
X=46 Y=21 11111111 11111111 11111111 11111111 0
X=47 Y=21 00000000 00000000 00000000 11111111 1
X=48 Y=21 11111111 11111111 11111111 11111111 0
X=49 Y=21 11111111 11111111 11111111 11111111 0
X=50 Y=21 11111111 11111111 11111111 11111111 0
X=51 Y=21 11111111 11111111 11111111 11111111 0
X=52 Y=21 11111111 11111111 11111111 11111111 0
X=53 Y=21 11111111 11111111 11111111 11111111 0
X=54 Y=21 11111111 11111111 11111111 11111111 0
X=55 Y=21 00000000 00000000 00000000 11111111 1
X=56 Y=21 11111111 11111111 11111111 11111111 0
X=57 Y=21 11111111 11111111 11111111 11111111 0
X=58 Y=21 11111111 11111111 11111111 11111111 0
X=59 Y=21 11111111 11111111 11111111 11111111 0
X=60 Y=21 11111111 11111111 11111111 11111111 0
X=61 Y=21 11111111 11111111 11111111 11111111 0
X=62 Y=21 11111111 11111111 11111111 11111111 0
X=63 Y=21 11111111 11111111 11111111 11111111 0
X=00 Y=22 11111111 11111111 11111111 11111111 0
X=01 Y=22 11111111 11111111 11111111 11111111 0
X=02 Y=22 11111111 11111111 11111111 11111111 0
X=03 Y=22 11111111 11111111 11111111 11111111 0
X=04 Y=22 11111111 11111111 11111111 11111111 0
X=05 Y=22 00000000 00000000 00000000 11111111 1
X=06 Y=22 00000000 00000000 00000000 11111111 1
X=07 Y=22 00000000 00000000 00000000 11111111 1
X=08 Y=22 00000000 00000000 00000000 11111111 1
X=09 Y=22 11111111 11111111 11111111 11111111 0
X=10 Y=22 11111111 11111111 11111111 11111111 0
X=11 Y=22 11111111 11111111 11111111 11111111 0
X=12 Y=22 11111111 11111111 11111111 11111111 0
X=13 Y=22 00000000 00000000 00000000 11111111 1
X=14 Y=22 00000000 00000000 00000000 11111111 1
X=15 Y=22 00000000 00000000 00000000 11111111 1
X=16 Y=22 00000000 00000000 00000000 11111111 1
X=17 Y=22 00000000 00000000 00000000 11111111 1
X=18 Y=22 11111111 11111111 11111111 11111111 0
X=19 Y=22 11111111 11111111 11111111 11111111 0
X=20 Y=22 11111111 11111111 11111111 11111111 0
X=21 Y=22 00000000 00000000 00000000 11111111 1
X=22 Y=22 11111111 11111111 11111111 11111111 0
X=23 Y=22 11111111 11111111 11111111 11111111 0
X=24 Y=22 11111111 11111111 11111111 11111111 0
X=25 Y=22 11111111 11111111 11111111 11111111 0
X=26 Y=22 11111111 11111111 11111111 11111111 0
X=27 Y=22 11111111 11111111 11111111 11111111 0
X=28 Y=22 11111111 11111111 11111111 11111111 0
X=29 Y=22 11111111 11111111 11111111 11111111 0
X=30 Y=22 00000000 00000000 00000000 11111111 1
X=31 Y=22 00000000 00000000 00000000 11111111 1
X=32 Y=22 00000000 00000000 00000000 11111111 1
X=33 Y=22 11111111 11111111 11111111 11111111 0
X=34 Y=22 11111111 11111111 11111111 11111111 0
X=35 Y=22 11111111 11111111 11111111 11111111 0
X=36 Y=22 11111111 11111111 11111111 11111111 0
X=37 Y=22 00000000 00000000 00000000 11111111 1
X=38 Y=22 00000000 00000000 00000000 11111111 1
X=39 Y=22 00000000 00000000 00000000 11111111 1
X=40 Y=22 00000000 00000000 00000000 11111111 1
X=41 Y=22 11111111 11111111 11111111 11111111 0
X=42 Y=22 11111111 11111111 11111111 11111111 0
X=43 Y=22 11111111 11111111 11111111 11111111 0
X=44 Y=22 11111111 11111111 11111111 11111111 0
X=45 Y=22 00000000 00000000 00000000 11111111 1
X=46 Y=22 00000000 00000000 00000000 11111111 1
X=47 Y=22 00000000 00000000 00000000 11111111 1
X=48 Y=22 00000000 00000000 00000000 11111111 1
X=49 Y=22 00000000 00000000 00000000 11111111 1
X=50 Y=22 11111111 11111111 11111111 11111111 0
X=51 Y=22 11111111 11111111 11111111 11111111 0
X=52 Y=22 11111111 11111111 11111111 11111111 0
X=53 Y=22 11111111 11111111 11111111 11111111 0
X=54 Y=22 11111111 11111111 11111111 11111111 0
X=55 Y=22 00000000 00000000 00000000 11111111 1
X=56 Y=22 11111111 11111111 11111111 11111111 0
X=57 Y=22 11111111 11111111 11111111 11111111 0
X=58 Y=22 11111111 11111111 11111111 11111111 0
X=59 Y=22 11111111 11111111 11111111 11111111 0
X=60 Y=22 11111111 11111111 11111111 11111111 0
X=61 Y=22 11111111 11111111 11111111 11111111 0
X=62 Y=22 11111111 11111111 11111111 11111111 0
X=63 Y=22 11111111 11111111 11111111 11111111 0
X=00 Y=23 11111111 11111111 11111111 11111111 0
X=01 Y=23 11111111 11111111 11111111 11111111 0
X=02 Y=23 11111111 11111111 11111111 11111111 0
X=03 Y=23 11111111 11111111 11111111 11111111 0
X=04 Y=23 11111111 11111111 11111111 11111111 0
X=05 Y=23 11111111 11111111 11111111 11111111 0
X=06 Y=23 11111111 11111111 11111111 11111111 0
X=07 Y=23 11111111 11111111 11111111 11111111 0
X=08 Y=23 11111111 11111111 11111111 11111111 0
X=09 Y=23 11111111 11111111 11111111 11111111 0
X=10 Y=23 11111111 11111111 11111111 11111111 0
X=11 Y=23 11111111 11111111 11111111 11111111 0
X=12 Y=23 11111111 11111111 11111111 11111111 0
X=13 Y=23 11111111 11111111 11111111 11111111 0
X=14 Y=23 11111111 11111111 11111111 11111111 0
X=15 Y=23 11111111 11111111 11111111 11111111 0
X=16 Y=23 11111111 11111111 11111111 11111111 0
X=17 Y=23 11111111 11111111 11111111 11111111 0
X=18 Y=23 11111111 11111111 11111111 11111111 0
X=19 Y=23 11111111 11111111 11111111 11111111 0
X=20 Y=23 11111111 11111111 11111111 11111111 0
X=21 Y=23 11111111 11111111 11111111 11111111 0
X=22 Y=23 11111111 11111111 11111111 11111111 0
X=23 Y=23 11111111 11111111 11111111 11111111 0
X=24 Y=23 11111111 11111111 11111111 11111111 0
X=25 Y=23 11111111 11111111 11111111 11111111 0
X=26 Y=23 11111111 11111111 11111111 11111111 0
X=27 Y=23 11111111 11111111 11111111 11111111 0
X=28 Y=23 11111111 11111111 11111111 11111111 0
X=29 Y=23 11111111 11111111 11111111 11111111 0
X=30 Y=23 11111111 11111111 11111111 11111111 0
X=31 Y=23 11111111 11111111 11111111 11111111 0
X=32 Y=23 11111111 11111111 11111111 11111111 0
X=33 Y=23 11111111 11111111 11111111 11111111 0
X=34 Y=23 11111111 11111111 11111111 11111111 0
X=35 Y=23 11111111 11111111 11111111 11111111 0
X=36 Y=23 11111111 11111111 11111111 11111111 0
X=37 Y=23 11111111 11111111 11111111 11111111 0
X=38 Y=23 11111111 11111111 11111111 11111111 0
X=39 Y=23 11111111 11111111 11111111 11111111 0
X=40 Y=23 11111111 11111111 11111111 11111111 0
X=41 Y=23 11111111 11111111 11111111 11111111 0
X=42 Y=23 11111111 11111111 11111111 11111111 0
X=43 Y=23 11111111 11111111 11111111 11111111 0
X=44 Y=23 11111111 11111111 11111111 11111111 0
X=45 Y=23 11111111 11111111 11111111 11111111 0
X=46 Y=23 11111111 11111111 11111111 11111111 0
X=47 Y=23 11111111 11111111 11111111 11111111 0
X=48 Y=23 11111111 11111111 11111111 11111111 0
X=49 Y=23 11111111 11111111 11111111 11111111 0
X=50 Y=23 11111111 11111111 11111111 11111111 0
X=51 Y=23 11111111 11111111 11111111 11111111 0
X=52 Y=23 11111111 11111111 11111111 11111111 0
X=53 Y=23 11111111 11111111 11111111 11111111 0
X=54 Y=23 11111111 11111111 11111111 11111111 0
X=55 Y=23 11111111 11111111 11111111 11111111 0
X=56 Y=23 11111111 11111111 11111111 11111111 0
X=57 Y=23 11111111 11111111 11111111 11111111 0
X=58 Y=23 11111111 11111111 11111111 11111111 0
X=59 Y=23 11111111 11111111 11111111 11111111 0
X=60 Y=23 11111111 11111111 11111111 11111111 0
X=61 Y=23 11111111 11111111 11111111 11111111 0
X=62 Y=23 11111111 11111111 11111111 11111111 0
X=63 Y=23 11111111 11111111 11111111 11111111 0
END
