HEAR — she listens. deterministic measurement, C99, no rand(), no heap.
song fnv1a64:AB76EEB451688703  pcm fnv1a64:7F2588F04C6FAC3A
pcm: 8376796 bytes, 4188398 frames @22050Hz mono, 189 seconds measured
peak energy 2496 at 1:26 — quietest 0 at 2:32 — 48 seconds above half-peak (drive)
envelope (RMS per second, scaled units):
 320 896 640 768 576 192  64 640 896 640 448 576 384  64  64 576 768 448 512 320
 384121613441024 320  64 320 512 832 640 192 384 512 896 640 576 704 576 6401152
 896 9601088 896 512 7681216 832 448 320 512 384 384 896 832 896 7681408 512 640
23681472128020481408 76818561920160016641152147222401088 960 9601344 320 256 448
 64012161088 192 128 7682496 896 384 5121600185610241088 832179212801536 896 896
 576 832 384 576 384 320 448 384 256 384 192 896 640 448 448172810881152 704 704
 320 576 576 6401856 512 512 512  64 576 448 448 576 448 512 256 512 51213442048
160014081280 8321344 640 384 448 384 320 512 256   0   0   01152134412161216 960
10881792243220482240217619841856224021121984153620481536172817281920153618561344
 832 256 256 192 192 128   0   0   0
